OBJECTID,ZIP Code,OBJECTID_1,DEPCODE,COUNTYNAME,FieldMatch,POName,Places,OBJECTID_1,ZIPX,c_places,Cases_1,LabelY,Shape__Area,Shape__Length
1,00041,44,6,Broward,Broward-00041,NONE,Area is in the South Florida Water Conservation Area 3A,,,,0,0,0.186601374149632,1.92229668636402
2,00042,49,5,Brevard,Brevard-00042,NONE,Area is part of a federally protected nature area,,,,0,0,0.0411793250675601,1.65454026415273
3,00045,55,42,Marion,Marion-00045,NONE,Area is part of the Wakulla National Forest ,,,,0,0,0.0252023544655913,0.714285319543539
4,00053,58,50,Palm Beach,Palm Beach-00053,NONE,Area is part of the Loxahatchee National Wildlife Refuge,,,,0,0,0.165590057094505,2.55079104321085
5,00087,60,31,Indian River,Indian River-00067,NONE,Area is part of the Stick Marsh-- St. Johns Water Management Area,,,,0,0,0.0231651908516142,0.822791100135435
6,00097,64,44,Monroe,Monroe-00097,NONE,Area is part of the Everglades National Park,,,,0,0,0.124287367840452,6.43116442585641
7,00098,66,44,Monroe,Monroe-00098,NONE,Area is part of the Everglades National Park,,,,0,0,0.0814496727870164,9.0857515641848
8,32003,67,10,Clay,Clay-32003,Fleming Island,"Orange Park, Fleming Island, Lakeside",171,Clay-32003,"Fleming Island, Green Cove Springs, Middleburg, Orange Park",2207,2207,0.00557993903771603,0.312121019549633
9,32008,71,15,Dixie,Dixie-32008,Branford,Branford,295,Dixie-32008,,0,0,0.00183233296615981,0.357111733369989
10,32008,72,21,Gilchrist,Gilchrist-32008,Branford,"Hollingsworth Bluff, Sandy Point",375,Gilchrist-32008,Branford,<5,-2,0.00840385376727681,0.676627691713862
11,32008,73,34,Lafayette,Lafayette-32008,Branford,"Brandford, Grady, Midway",506,Lafayette-32008,Branford,19,19,0.0165090437517392,0.891320972075004
12,32008,74,61,Suwannee,Suwannee-32008,Branford,"Branford, Grady",1048,Suwannee-32008,Branford,408,408,0.00982965856042028,0.777787902539025
13,32009,78,45,Nassau,Nassau-32009,Bryceville,"Jacksonville, Bryceville, Mattox",683,Nassau-32009,Bryceville,281,281,0.0218172896541091,0.821591215708184
14,32011,80,45,Nassau,Nassau-32011,Callahan,"Callahan, Hilliard, Jacksonville, Nassau Village-Ratliff",684,Nassau-32011,Callahan,1499,1499,0.0386437494603342,1.46705327220997
15,32013,81,34,Lafayette,Lafayette-32013,Day,"Day, Townsend, Dell, Dowling Park",507,Lafayette-32013,Day,7,7,0.00875829309779874,0.455994612318474
16,32024,85,12,Columbia,Columbia-32024,Lake City,"Lake City, Bass, Columbia",202,Columbia-32024,Lake City,1671,1671,0.0295292247153611,1.17943513788214
17,32024,86,61,Suwannee,Suwannee-32024,Lake City,"Lake City, Wellborn",1049,Suwannee-32024,Lake City,14,14,0.00609846901397759,0.652265018840031
18,32025,89,12,Columbia,Columbia-32025,Lake City,"Lake City, Watertown",203,Columbia-32025,Lake City,3418,3418,0.0267394114423496,1.17186134538851
19,32033,92,55,St. Johns,St. Johns-32033,Elkton,Elkton,1008,St. Johns-32033,"Armstrong, Elkton, Saint Augustine",286,286,0.0187234956811153,0.628467929585538
20,32034,95,45,Nassau,Nassau-32034,Fernandina Beach,"Fernandina Beach, Jacksonville, Yulee",685,Nassau-32034,"Amelia City, Fernandina, Fernandina Beach",2573,2573,0.020139891490544,1.06224040986102
21,32038,97,12,Columbia,Columbia-32038,Fort White,Fort White,204,Columbia-32038,Fort White,607,607,0.0252173128599225,0.954634626442275
22,32040,101,2,Baker,Baker-32040,Glen Saint Mary,Glen St. Mary,23,Baker-32040,Glen Saint Mary,723,723,0.0333791808234309,1.65619575129217
23,32043,106,10,Clay,Clay-32043,Green Cove Springs,"Green Cove Springs, Penney Farms, Asbury Lake, Fleming Island, Middleburg",172,Clay-32043,"Green Cove Springs, Middleburg",2565,2565,0.050857178979868,1.13471481910254
24,32043,107,54,Putnam,Putnam-32043,Green Cove Springs,West Tocoi,940,Putnam-32043,,0,0,0.0015115207368126,0.514374829498623
25,32044,109,1,Alachua,Alachua-32044,Hampton,Louise,1,Alachua-32044,,0,0,0.00031139214547693,0.197708738500747
26,32044,110,4,Bradford,Bradford-32044,Hampton,Hampton,41,Bradford-32044,Hampton,122,122,0.00560723660305484,0.567488227791873
27,32046,112,45,Nassau,Nassau-32046,Hilliard,Hilliard,686,Nassau-32046,Hilliard,1037,1037,0.0495374099873516,1.68648492194021
28,32052,114,24,Hamilton,Hamilton-32052,Jasper,"Jasper, Marion, Hillcoast, Adams",387,Hamilton-32052,Jasper,1004,1004,0.0858775323315513,2.16867630977991
29,32053,118,24,Hamilton,Hamilton-32053,Jennings,Jennings,388,Hamilton-32053,Jennings,309,309,0.0268089503872488,0.926754388053281
30,32054,121,4,Bradford,Bradford-32054,Lake Butler,Worthington Springs,42,Bradford-32054,Lake Butler,6,6,0.00266361705689633,0.476128244953605
31,32054,123,63,Union,Union-32054,Lake Butler,"Lake Butler, Worthington Springs",1062,Union-32054,Lake Butler,1331,1331,0.05009747814006,1.12036461302547
32,32055,126,12,Columbia,Columbia-32055,Lake City,"Lake City, Five Points, Watertown",205,Columbia-32055,Lake City,1715,1715,0.0958658662814287,2.00836056204772
33,32058,130,4,Bradford,Bradford-32058,Lawtey,Lawtey,43,Bradford-32058,Lawtey,649,649,0.0149336100380424,0.64249853532161
34,32058,131,10,Clay,Clay-32058,Lawtey,Lawtey,173,Clay-32058,,0,0,0.000438823917647824,0.328965531044663
35,32058,132,63,Union,Union-32058,Lawtey,Lawtey,1063,Union-32058,Lawtey,<5,-2,0.000655235079875638,0.149375474466953
36,32059,134,40,Madison,Madison-32059,Lee,Lee,603,Madison-32059,Lee,217,217,0.0286625544865728,1.11621947966881
37,32060,139,61,Suwannee,Suwannee-32060,Live Oak,Live Oak,1050,Suwannee-32060,"Dowling Park, Live Oak",3073,3073,0.095978357711374,2.30160089701822
38,32061,140,12,Columbia,Columbia-32061,Lulu,Lulu,206,Columbia-32061,Lulu,31,31,0.00313972260710216,0.452216039477071
39,32062,142,61,Suwannee,Suwannee-32062,Mc Alpin,Mc Alpin,1051,Suwannee-32062,Mcalpin,185,185,0.0174545974959983,1.0941790890884
40,32063,144,2,Baker,Baker-32063,Macclenny,Macclenny,24,Baker-32063,Macclenny,1578,1578,0.0184876288865325,0.815968257113445
41,32064,149,61,Suwannee,Suwannee-32064,Live Oak,Live Oak,1052,Suwannee-32064,"Boys Ranch, Dowling Park, Live Oak",897,897,0.00210460784251154,0.326305891798174
42,32065,150,10,Clay,Clay-32065,Orange Park,"Jacksonville, Lakeside, Oakleaf Plantation",174,Clay-32065,"Middleburg, Orange Park",3140,3140,0.00514774860744183,0.484732548447392
43,32066,153,34,Lafayette,Lafayette-32066,Mayo,"Mayo, Day",508,Lafayette-32066,Mayo,1547,1547,0.107288626649961,1.90896503064194
44,32068,157,10,Clay,Clay-32068,Middleburg,"Asbury Lake, Fleming Island, Lakeside, Middleburg, Oakleaf Plantation",175,Clay-32068,"Apopka, Middleburg",3967,3967,0.0270607746881524,1.14730893619772
45,32071,161,61,Suwannee,Suwannee-32071,O Brien,Branford,1053,Suwannee-32071,O Brien,263,263,0.0221076436796466,1.13111677912392
46,32073,162,10,Clay,Clay-32073,Orange Park,"Orange Park, Jacksonville, Bellair-Meadowbrook Terrace, Fleming Island, Lakeside, Oakleaf Plantation",176,Clay-32073,Orange Park,3479,3479,0.00470976886413155,0.411450448812683
47,32080,164,18,Flagler,Flagler-32080,Saint Augustine,Marineland,356,Flagler-32080,,0,0,1.32549628233392E-05,0.0222543155706862
48,32080,165,55,St. Johns,St. Johns-32080,Saint Augustine,"St. Augustine, St. Augustine Beach, Marineland, Butler Beach, Crescent Beach",1009,St. Johns-32080,"Anastasia Island, Saint Augustine, Saint Augustine Beach",1305,1305,0.0046441810648048,0.56732267586906
49,32081,166,16,Duval,Duval-32081,Ponte Vedra,"Jacksonville, Nocatee",300,Duval-32081,Ponte Vedra,42,42,0.000813544872926286,0.215484206430779
50,32081,167,55,St. Johns,St. Johns-32081,Ponte Vedra,"Jacksonville, Nocatee",1010,St. Johns-32081,"Ponte Vedra, Ponte Vedra Beach, Town Of Nocatee",1479,1479,0.00724441095303519,0.452239266699826
51,32082,169,55,St. Johns,St. Johns-32082,Ponte Vedra Beach,"Jacksonville Beach, Nocatee, Palm Valley, Sawgrass",1011,St. Johns-32082,"Bonnie, Ponte Vedra, Ponte Vedra Beach",2407,2407,0.0111735891341596,0.791399609989264
52,32083,172,63,Union,Union-32083,Raiford,Raiford,1064,Union-32083,Raiford,184,184,0.00971250290922399,0.534403919456347
53,32084,173,55,St. Johns,St. Johns-32084,Saint Augustine,"St. Augustine, Villano Beach, World Golf Village",1012,St. Johns-32084,"Saint Augusaintine Beach, Saint Augustine, Saint Augustine Beach",2622,2622,0.010150526541338,0.603923445057632
54,32086,175,55,St. Johns,St. Johns-32086,Saint Augustine,"St. Augustine, Palm Coast, St. Augustine Shores, St. Augustine South",1013,St. Johns-32086,"Saint Augusaintine Beach, Saint Augustine, Saint Augustine Beach",2302,2302,0.0170831984794404,0.679496529485569
55,32087,177,2,Baker,Baker-32087,Sanderson,Sanderson,25,Baker-32087,Sanderson,931,931,0.0901489077580209,1.62253324350389
56,32091,181,4,Bradford,Bradford-32091,Starke,"Hampton, Starke",44,Bradford-32091,"Kingsley Lake, Starke",1890,1890,0.030001585381342,1.29145415706331
57,32091,182,10,Clay,Clay-32091,Starke,Middleburg,177,Clay-32091,Starke,<5,-2,0.0177722331582117,0.840275765045817
58,32092,186,55,St. Johns,St. Johns-32092,Saint Augustine,World Golf Village,1014,St. Johns-32092,"Orlando, Saint Augustine",3124,3124,0.0386830223130801,1.15702888128648
59,32094,187,12,Columbia,Columbia-32094,Wellborn,Wellborn,207,Columbia-32094,Wellborn,<5,-2,0.00111281367162519,0.399173998278104
60,32094,188,61,Suwannee,Suwannee-32094,Wellborn,Wellborn,1054,Suwannee-32094,Wellborn,203,203,0.0135598938231851,1.13478491221678
61,32095,189,55,St. Johns,St. Johns-32095,Saint Augustine,"St. Augustine, Nocatee, World Golf Village",1015,St. Johns-32095,Saint Augustine,1061,1061,0.0170556464138372,0.671843360805989
62,32096,190,12,Columbia,Columbia-32096,White Springs,White Springs,208,Columbia-32096,White Springs,14,14,0.00941162968388198,1.15117956967756
63,32096,191,24,Hamilton,Hamilton-32096,White Springs,White Springs,389,Hamilton-32096,White Springs,213,213,0.0135561631657311,1.01238298777398
64,32096,192,61,Suwannee,Suwannee-32096,White Springs,White Springs,1055,Suwannee-32096,,0,0,0.000749979850297677,0.357435616548569
65,32097,195,45,Nassau,Nassau-32097,Yulee,"Jacksonville, Yulee",687,Nassau-32097,"Fernandina Beach, Wildlight, Yulee",1658,1658,0.030941944537517,1.42136656327507
66,32102,196,35,Lake,Lake-32102,Astor,Astor,509,Lake-32102,Astor,92,92,0.010184503877781,0.689784892041701
67,32102,198,64,Volusia,Volusia-32102,Astor,Astor,1066,Volusia-32102,,0,0,0.00160808536747936,0.608318202732341
68,32110,199,18,Flagler,Flagler-32110,Bunnell,"Bunnell, Palm Coast",357,Flagler-32110,Bunnell,463,463,0.0709187684292374,1.56190579411203
69,32112,205,54,Putnam,Putnam-32112,Crescent City,"Crescent City, Pomona Park, Welaka",941,Putnam-32112,"Crescent City, Welaka",685,685,0.0251515478341844,1.5490180106741
70,32113,208,42,Marion,Marion-32113,Citra,McIntosh,630,Marion-32113,Citra,457,457,0.0158434206482525,1.25043971052008
71,32114,210,64,Volusia,Volusia-32114,Daytona Beach,"Daytona Beach, South Daytona, Holly Hill",1067,Volusia-32114,"Daytona Beach, Maitland",2552,2552,0.00415043669136139,0.277777703338223
72,32117,211,64,Volusia,Volusia-32117,Daytona Beach,"Daytona Beach, Ormond Beach, Holly Hill",1068,Volusia-32117,"Daytona Beach, Holly Hill, Orlando",2232,2232,0.0029492541957552,0.277387039444466
73,32118,212,64,Volusia,Volusia-32118,Daytona Beach,"Daytona Beach, Ormond Beach, Port Orange, Daytona Beach Shores",1069,Volusia-32118,"Daytona Beach, Daytona Beach Shores, Maitland, Orlando",886,886,0.00149302965337483,0.329823787046511
74,32119,213,64,Volusia,Volusia-32119,Daytona Beach,"Daytona Beach, South Daytona, Port Orange",1070,Volusia-32119,"Daytona Beach, Deland, Orlando, South Daytona",1191,1191,0.00221573390717822,0.336805571675477
75,32124,214,64,Volusia,Volusia-32124,Daytona Beach,Daytona Beach,1071,Volusia-32124,"Daytona Beach, Maitland, Orlando",806,806,0.019289016330049,0.932262448744816
76,32127,215,64,Volusia,Volusia-32127,Port Orange,"Ponce Inlet, South Daytona, Port Orange, Daytona Beach Shores",1072,Volusia-32127,"Maitland, Orlando, Ponce Inlet, Port Orange, Wilbur By The Sea",1683,1683,0.00442315022110051,0.364132574080553
77,32128,216,64,Volusia,Volusia-32128,Port Orange,"Daytona Beach, Port Orange, New Smyrna Beach, Glencoe, Samsula-Spruce Creek",1073,Volusia-32128,"Maitland, Orlando, Port Orange",1195,1195,0.00446953752157242,0.392208055318636
78,32129,217,64,Volusia,Volusia-32129,Port Orange,"Daytona Beach, South Daytona, Port Orange",1074,Volusia-32129,"Daytona Beach, Orlando, Port Orange",1205,1205,0.00170330926289353,0.257442173021608
79,32130,218,64,Volusia,Volusia-32130,De Leon Springs,"Bunnell, De Leon Springs",1075,Volusia-32130,De Leon Springs,354,354,0.0118044547184581,0.682552249339719
80,32131,220,54,Putnam,Putnam-32131,East Palatka,"Palatka, East Palatka",942,Putnam-32131,East Palatka,443,443,0.0110930038965762,0.585676231368313
81,32131,221,55,St. Johns,St. Johns-32131,East Palatka,Flagler Estates,1016,St. Johns-32131,,0,0,0.000600521066417059,0.283251051534228
82,32132,222,64,Volusia,Volusia-32132,Edgewater,"Edgewater, New Smyrna Beach, Glencoe",1076,Volusia-32132,"Edgewater, Orlando",386,386,0.00198086433556455,0.302885137230884
83,32134,224,42,Marion,Marion-32134,Fort Mc Coy,Fort Mc Coy,631,Marion-32134,"Fort Mccoy, Palatka, Salt Springs",315,315,0.0871854728361541,1.77841982445362
84,32134,225,54,Putnam,Putnam-32134,Fort Mc Coy,Fort Mc Coy,943,Putnam-32134,,0,0,0.00131159648867651,0.595998464722741
85,32136,227,18,Flagler,Flagler-32136,Flagler Beach,"Flagler Beach, Beverly Beach, Palm Coast",358,Flagler-32136,"Beverly Beach, Flagler Beach, Orlando",408,408,0.00426029100981395,0.398469226422503
86,32136,228,64,Volusia,Volusia-32136,Flagler Beach,Flagler Beach,1077,Volusia-32136,Flagler Beach,<5,-2,0.000938699704647661,0.220272356514651
87,32137,229,18,Flagler,Flagler-32137,Palm Coast,"Flagler Beach, Bunnell, Marineland, Palm Coast",359,Flagler-32137,"Apopka, Orlando, Palm Coast",2172,2172,0.0282199272792241,1.08885026620274
88,32139,231,54,Putnam,Putnam-32139,Georgetown,Georgetown,944,Putnam-32139,Georgetown,58,58,0.00615378087763929,0.522931533586777
89,32140,234,54,Putnam,Putnam-32140,Florahome,Florahome,945,Putnam-32140,Florahome,93,93,0.00853706739167137,0.455255659804713
90,32141,236,64,Volusia,Volusia-32141,Edgewater,"Edgewater, Oak Hill",1078,Volusia-32141,Edgewater,815,815,0.0138955369325231,1.06490161531809
91,32145,239,55,St. Johns,St. Johns-32145,Hastings,"Hastings, Palm Coast, Flagler Estates",1017,St. Johns-32145,"Hastings, Saint Augustine",364,364,0.0218250496723158,0.826439081288677
92,32148,241,54,Putnam,Putnam-32148,Interlachen,Interlachen,946,Putnam-32148,Interlachen,683,683,0.0337640168731923,1.14999440732162
93,32159,242,35,Lake,Lake-32159,Lady Lake,"Fruitland Park, Lady Lake, The Villages",510,Lake-32159,"Lady Lake, The Villages",1508,1508,0.00708423662581481,0.480972983299014
94,32159,244,60,Sumter,Sumter-32159,Lady Lake,The Villages,1038,Sumter-32159,"Lady Lake, The Villages",28,28,0.000964211054679254,0.231914232516608
95,32162,246,42,Marion,Marion-32162,The Villages,The Villages,632,Marion-32162,"Lady Lake, The Villages",196,196,0.000866628387939272,0.180285675798311
96,32162,247,60,Sumter,Sumter-32162,The Villages,"Wildwood, The Villages",1039,Sumter-32162,"Lady Lake, The Villages",2213,2213,0.00501109842844016,0.55403054265467
97,32163,248,35,Lake,Lake-32163,The Villages,"Fruitland Park, The Villages",511,Lake-32163,The Villages,29,29,0.000352804675003426,0.0837472796207003
98,32163,249,60,Sumter,Sumter-32163,The Villages,"Wildwood, The Villages",1040,Sumter-32163,The Villages,1490,1490,0.00220852777420077,0.294314996435132
99,32164,250,18,Flagler,Flagler-32164,Palm Coast,"Bunnell, Palm Coast",360,Flagler-32164,"Orlando, Palm Coast",2582,2582,0.00825115507950613,0.521036899058139
100,32168,251,64,Volusia,Volusia-32168,New Smyrna Beach,"Edgewater, Ponce Inlet, Port Orange, New Smyrna Beach, Glencoe, Samsula-Spruce Creek",1079,Volusia-32168,"New Smyrna, New Smyrna Beach, Orlando",1685,1685,0.0323201706539749,1.42835715528711
101,32169,252,64,Volusia,Volusia-32169,New Smyrna Beach,"Oak Hill, New Smyrna Beach",1080,Volusia-32169,"New Smyrna, New Smyrna Beach",648,648,0.00435924654857445,0.876116132412061
102,32174,253,18,Flagler,Flagler-32174,Ormond Beach,"Bunnell, Ormond Beach",361,Flagler-32174,Ormond Beach,<5,-2,0.0103238841315942,0.560506386886197
103,32174,254,64,Volusia,Volusia-32174,Ormond Beach,"Bunnell, Daytona Beach, Ormond Beach, Holly Hill",1081,Volusia-32174,"Daytona Beach, Orlando, Ormond Beach, Port Orange",2807,2807,0.0221596396647783,1.08297800472324
104,32176,255,64,Volusia,Volusia-32176,Ormond Beach,"Flagler Beach, Ormond Beach, Ormond-by-the-Sea",1082,Volusia-32176,"Orlando, Ormond Beach",675,675,0.0014269578944095,0.335759024706581
105,32177,258,54,Putnam,Putnam-32177,Palatka,"Welaka, Palatka, East Palatka",947,Putnam-32177,"Palatka, Putnam",2625,2625,0.0612536089795412,1.88112001719234
106,32179,260,42,Marion,Marion-32179,Ocklawaha,Ocklawaha,633,Marion-32179,"Ocklawaha, Oklawaha",410,410,0.0218438789324864,1.15482545546487
107,32180,264,64,Volusia,Volusia-32180,Pierson,"Pierson, Astor, Seville",1083,Volusia-32180,"Orlando, Pierson",315,315,0.0382779711983403,1.32409200841806
108,32181,265,54,Putnam,Putnam-32181,Pomona Park,"Pomona Park, Welaka",948,Putnam-32181,Pomona Park,145,145,0.00785734982332542,0.514256049398975
109,32187,267,54,Putnam,Putnam-32187,San Mateo,Bunnell,949,Putnam-32187,San Mateo,121,121,0.00557580185545703,0.539637815122298
110,32189,268,54,Putnam,Putnam-32189,Satsuma,Satsuma,950,Putnam-32189,Satsuma,300,300,0.00790031631322563,0.698073974178684
111,32190,272,64,Volusia,Volusia-32190,Seville,Seville,1084,Volusia-32190,Seville,99,99,0.0134763576043042,0.776903550936925
112,32193,273,54,Putnam,Putnam-32193,Welaka,Welaka,951,Putnam-32193,Welaka,66,66,0.000509751916524692,0.13386383221297
113,32195,274,35,Lake,Lake-32195,Weirsdale,Lady Lake,512,Lake-32195,Weirsdale,<5,-2,0.000810522897836563,0.26655149485993
114,32195,275,42,Marion,Marion-32195,Weirsdale,Lady Lake,634,Marion-32195,Weirsdale,212,212,0.00469164513515352,0.41984129194494
115,32202,276,16,Duval,Duval-32202,Jacksonville,Jacksonville,301,Duval-32202,Jacksonville,1966,1966,0.000706362977552999,0.176958845106058
116,32204,277,16,Duval,Duval-32204,Jacksonville,Jacksonville,302,Duval-32204,Jacksonville,987,987,0.00109377361877705,0.174183337041949
117,32205,278,16,Duval,Duval-32205,Jacksonville,Jacksonville,303,Duval-32205,Jacksonville,2411,2411,0.0018326920387608,0.240488602065611
118,32206,279,16,Duval,Duval-32206,Jacksonville,Jacksonville,304,Duval-32206,"Jacksonville, Orlando",1401,1401,0.00190592309991189,0.222134052455003
119,32207,280,16,Duval,Duval-32207,Jacksonville,Jacksonville,305,Duval-32207,Jacksonville,3099,3099,0.00396989879322973,0.275403169908456
120,32208,281,16,Duval,Duval-32208,Jacksonville,Jacksonville,306,Duval-32208,Jacksonville,3613,3613,0.0031549160803479,0.309669765561439
121,32209,282,16,Duval,Duval-32209,Jacksonville,Jacksonville,307,Duval-32209,Jacksonville,2882,2882,0.00237578263477189,0.292576486435639
122,32210,283,16,Duval,Duval-32210,Jacksonville,Jacksonville,308,Duval-32210,Jacksonville,5353,5353,0.00669372118613865,0.552905963691197
123,32211,284,16,Duval,Duval-32211,Jacksonville,Jacksonville,309,Duval-32211,Jacksonville,2600,2600,0.00223142546383315,0.24611121820293
124,32212,286,16,Duval,Duval-32212,Jacksonville,Jacksonville,310,Duval-32212,"Jacksonville, Jacksonville Naval Air Station",938,938,0.00186811218190996,0.278747279096189
125,32214,287,16,Duval,Duval-32214,Jacksonville,Jacksonville,311,Duval-32214,"Jacksonville, Jacksonville Naval Hospital",48,48,0.000207914897146111,0.0809388498228428
126,32216,288,16,Duval,Duval-32216,Jacksonville,Jacksonville,312,Duval-32216,"Jacksonville, Orlando",4110,4110,0.00314913277543383,0.254043573372157
127,32217,289,16,Duval,Duval-32217,Jacksonville,Jacksonville,313,Duval-32217,Jacksonville,1589,1589,0.00220568589611503,0.210149445896401
128,32218,290,16,Duval,Duval-32218,Jacksonville,"Jacksonville, Nassau Village-Ratliff",314,Duval-32218,Jacksonville,6157,6157,0.0243410663078976,0.936732437329408
129,32219,292,16,Duval,Duval-32219,Jacksonville,"Jacksonville, Nassau Village-Ratliff",315,Duval-32219,"Dinsmore, Jacksonville",1307,1307,0.0160612657612091,0.764280793045888
130,32220,294,16,Duval,Duval-32220,Jacksonville,"Baldwin, Jacksonville",316,Duval-32220,Jacksonville,1151,1151,0.0112935471079254,0.704655599331032
131,32221,297,16,Duval,Duval-32221,Jacksonville,Jacksonville,317,Duval-32221,Jacksonville,2892,2892,0.0111252579868051,0.649720670489786
132,32222,299,16,Duval,Duval-32222,Jacksonville,Jacksonville,318,Duval-32222,Jacksonville,1222,1222,0.0029139591645162,0.270165067983311
133,32223,301,16,Duval,Duval-32223,Jacksonville,"Orange Park, Jacksonville, Fleming Island",319,Duval-32223,Jacksonville,1933,1933,0.00508969909151347,0.290462639836573
134,32224,303,16,Duval,Duval-32224,Jacksonville,"Neptune Beach, Jacksonville",320,Duval-32224,"Jacksonville, Winter Garden",3183,3183,0.00410856280632288,0.459189205548163
135,32225,305,16,Duval,Duval-32225,Jacksonville,"Atlantic Beach, Jacksonville",321,Duval-32225,Jacksonville,4946,4946,0.0075229609476537,0.401444406143724
136,32226,306,16,Duval,Duval-32226,Jacksonville,Jacksonville,322,Duval-32226,"Jacksonville, Orlando",1663,1663,0.0264504959823171,1.14720181022818
137,32227,308,16,Duval,Duval-32227,Jacksonville,Jacksonville,323,Duval-32227,"Jacksonville, Mayport, Mayport Naval Housing",120,120,0.000676418869716144,0.143395003773898
138,32233,309,16,Duval,Duval-32233,Atlantic Beach,"Atlantic Beach, Neptune Beach, Jacksonville",324,Duval-32233,"Atlantic Beach, Jacksonville, Mayport",1768,1768,0.00277355499997611,0.296555082083947
139,32234,310,2,Baker,Baker-32234,Jacksonville,Jacksonville,26,Baker-32234,Jacksonville,<5,-2,0.00103230954800893,0.29689394090268
140,32234,312,10,Clay,Clay-32234,Jacksonville,Jacksonville,178,Clay-32234,Jacksonville,<5,-2,0.0109892540428973,0.71931463357575
141,32234,313,16,Duval,Duval-32234,Jacksonville,"Baldwin, Jacksonville",325,Duval-32234,"Baldwin, Jacksonville, Maxville",569,569,0.0169606152330744,0.776870283644384
142,32234,314,45,Nassau,Nassau-32234,Jacksonville,Jacksonville,688,Nassau-32234,"Bryceville, Jacksonville",<5,-2,0.00191118811358137,0.328528089877861
143,32244,316,16,Duval,Duval-32244,Jacksonville,Jacksonville,326,Duval-32244,Jacksonville,4863,4863,0.0061280400218493,0.45452371384434
144,32246,317,16,Duval,Duval-32246,Jacksonville,Jacksonville,327,Duval-32246,Jacksonville,4759,4759,0.00471407771328813,0.348804867513377
145,32250,318,16,Duval,Duval-32250,Jacksonville Beach,"Jacksonville Beach, Neptune Beach, Jacksonville",328,Duval-32250,"Jacksonville, Jacksonville Beach",2876,2876,0.00260226621708171,0.307241450580588
146,32254,320,16,Duval,Duval-32254,Jacksonville,Jacksonville,329,Duval-32254,Jacksonville,1148,1148,0.0029398269707599,0.283942418523509
147,32256,321,16,Duval,Duval-32256,Jacksonville,Jacksonville,330,Duval-32256,"Jacksonville, Orlando",4183,4183,0.0157753996654719,0.555023345342521
148,32257,323,16,Duval,Duval-32257,Jacksonville,Jacksonville,331,Duval-32257,"Jacksonville, Orlando",3295,3295,0.00406706890839814,0.294807640794118
149,32258,324,16,Duval,Duval-32258,Jacksonville,"Jacksonville, Fruit Cove",332,Duval-32258,"Jacksonville, Orlando",2883,2883,0.00451027732719922,0.364906020411409
150,32259,328,55,St. Johns,St. Johns-32259,Saint Johns,"Jacksonville, Fleming Island, Fruit Cove, Nocatee",1018,St. Johns-32259,"Fruit Cove, Jacksonville, Julington Creek, Saint Johns, Switzerland",4323,4323,0.0158874331630159,0.658227719699288
151,32266,329,16,Duval,Duval-32266,Neptune Beach,"Atlantic Beach, Jacksonville Beach, Neptune Beach",333,Duval-32266,"Jacksonville, Jacksonville Beach, Neptune Beach",638,638,0.00063812953908382,0.116681877465741
152,32277,330,16,Duval,Duval-32277,Jacksonville,Jacksonville,334,Duval-32277,Jacksonville,2479,2479,0.00283296516090559,0.293175547755934
153,32301,331,37,Leon,Leon-32301,Tallahassee,Tallahassee,575,Leon-32301,Tallahassee,2978,2978,0.00273052985085087,0.344330784836504
154,32303,333,37,Leon,Leon-32303,Tallahassee,"Midway, Tallahassee",576,Leon-32303,"Orlando, Tallahassee",4061,4061,0.00976420068923289,0.740267176824401
155,32304,335,37,Leon,Leon-32304,Tallahassee,"Midway, Tallahassee",577,Leon-32304,"Maitland, Oakland, Orlando, Tallahassee, Windermere, Winter Park",6071,6071,0.0038027848886486,0.485116148654965
156,32305,336,37,Leon,Leon-32305,Tallahassee,"Tallahassee, Woodville",578,Leon-32305,Tallahassee,1709,1709,0.0226085790791331,1.06403092990177
157,32306,338,37,Leon,Leon-32306,Tallahassee,"Florida State University, Florida A&M University",579,Leon-32306,"Florida State Univ Admin, Florida State University, Orlando, Tallahassee",919,919,6.31593493380933E-05,0.0406223556396508
158,32308,340,37,Leon,Leon-32308,Tallahassee,Tallahassee,580,Leon-32308,"Centerville, Maitland, Tallahassee",2254,2254,0.00348464076319033,0.328219792325457
159,32309,342,33,Jefferson,Jefferson-32309,Tallahassee,Tallahassee,502,Jefferson-32309,,0,0,0.000286307463056801,0.480621648032563
160,32309,343,37,Leon,Leon-32309,Tallahassee,Tallahassee,581,Leon-32309,"Centerville, Miccosukee, Tallahassee",2186,2186,0.0312610680975922,1.00827159966495
161,32310,345,37,Leon,Leon-32310,Tallahassee,Tallahassee,582,Leon-32310,Tallahassee,1611,1611,0.0412323027037473,1.3181874509923
162,32311,349,37,Leon,Leon-32311,Tallahassee,Tallahassee,583,Leon-32311,"Naples, Tallahassee",1634,1634,0.0189630718177796,0.952148325995283
163,32312,353,37,Leon,Leon-32312,Tallahassee,Tallahassee,584,Leon-32312,Tallahassee,2511,2511,0.0258903213273243,1.16766908569859
164,32317,355,37,Leon,Leon-32317,Tallahassee,Tallahassee,585,Leon-32317,"Centerville, Tallahassee",1124,1124,0.010531738057125,0.537464384210784
165,32320,356,19,Franklin,Franklin-32320,Apalachicola,Apalachicola,362,Franklin-32320,Apalachicola,393,393,0.016372721365542,1.32697157729419
166,32321,361,39,Liberty,Liberty-32321,Bristol,"Bristol, Lake Mystic, Sumatra",600,Liberty-32321,Bristol,800,800,0.0890130915120153,2.31760145366116
167,32322,362,19,Franklin,Franklin-32322,Carrabelle,Carrabelle,363,Franklin-32322,Carrabelle,519,519,0.0404245581685245,1.58171534364911
168,32324,366,20,Gadsden,Gadsden-32324,Chattahoochee,"Gretna, Chattahoochee",369,Gadsden-32324,Chattahoochee,714,714,0.0161284857001647,0.748085697564086
169,32327,369,37,Leon,Leon-32327,Crawfordville,Woodville,586,Leon-32327,Crawfordville,<5,-2,0.000286459848211962,0.472276106007513
170,32327,370,65,Wakulla,Wakulla-32327,Crawfordville,"St. Marks, Crawfordville, Woodville",1096,Wakulla-32327,"Crawfordville, Wakulla Springs",2790,2790,0.0856386303735235,3.47147676205958
171,32328,371,19,Franklin,Franklin-32328,Eastpoint,"Eastpoint, St. George Island",365,Franklin-32328,"Eastpoint, Saint George Island",309,309,0.0653021259297475,3.98605701970817
172,32331,376,33,Jefferson,Jefferson-32331,Greenville,Greenville,503,Jefferson-32331,Greenville,<5,-2,0.0130823857621181,0.714787405532449
173,32331,377,40,Madison,Madison-32331,Greenville,Greenville,604,Madison-32331,Greenville,317,317,0.0634521070869596,1.88577426577144
174,32331,378,62,Taylor,Taylor-32331,Greenville,Greenville,1056,Taylor-32331,Greenville,10,10,0.0176131982602783,0.907925064049737
175,32332,379,20,Gadsden,Gadsden-32332,Gretna,Gretna,370,Gadsden-32332,Gretna,216,216,0.00082167475670758,0.191454430351126
176,32333,381,20,Gadsden,Gadsden-32333,Havana,"Havana, Midway",371,Gadsden-32333,"Havana, Havanna",1055,1055,0.0259595600305147,1.02302169205033
177,32334,386,39,Liberty,Liberty-32334,Hosford,Hosford,601,Liberty-32334,Hosford,218,218,0.115562472222791,2.35091939875448
178,32336,388,33,Jefferson,Jefferson-32336,Lamont,Lamont,504,Jefferson-32336,Lamont,99,99,0.0554781361749974,2.05796421625348
179,32336,389,40,Madison,Madison-32336,Lamont,Lamont,605,Madison-32336,Lamont,9,9,0.00709509764669747,0.579375518438723
180,32336,390,62,Taylor,Taylor-32336,Lamont,Lamont,1057,Taylor-32336,Lamont,<5,-2,0.00989804762434687,1.14638908649484
181,32340,394,40,Madison,Madison-32340,Madison,"Lee, Madison",606,Madison-32340,Madison,1247,1247,0.0636644261812762,1.92750348833665
182,32343,396,20,Gadsden,Gadsden-32343,Midway,Midway,372,Gadsden-32343,Midway,450,450,0.00259857541232122,0.411332043113837
183,32344,399,33,Jefferson,Jefferson-32344,Monticello,"Monticello, Aucilla, Lloyd, Wacissa, Waukeenah",505,Jefferson-32344,Monticello,1218,1218,0.0799155690135649,2.03886985569575
184,32346,403,19,Franklin,Franklin-32346,Panacea,Panacea,366,Franklin-32346,Alligator Point,<5,-2,0.00613589462864184,1.06948520562529
185,32346,404,65,Wakulla,Wakulla-32346,Panacea,Panacea,1097,Wakulla-32346,"Alligator Point, Panacea",104,104,0.00441717349553983,1.58205987814915
186,32347,408,62,Taylor,Taylor-32347,Perry,Perry,1058,Taylor-32347,Perry,823,823,0.108665455738219,3.1680925491183
187,32348,410,62,Taylor,Taylor-32348,Perry,Perry,1059,Taylor-32348,Perry,1629,1629,0.0986705177585918,2.5165028803613
188,32350,413,40,Madison,Madison-32350,Pinetta,Pinetta,607,Madison-32350,Pinetta,84,84,0.0111374400212299,0.607304743977096
189,32351,414,20,Gadsden,Gadsden-32351,Quincy,"Gretna, Quincy, Greensboro, Midway",373,Gadsden-32351,"Orlando, Quincy",2223,2223,0.0584535996688373,1.8209548023711
190,32352,419,20,Gadsden,Gadsden-32352,Quincy,"Gretna, Quincy",374,Gadsden-32352,"Mount Pleasant, Quincy",553,553,0.0247246018266196,0.858563547246579
191,32355,420,65,Wakulla,Wakulla-32355,Saint Marks,St. Marks,1098,Wakulla-32355,Saint Marks,27,27,0.000247289766093672,0.0728156669950258
192,32356,422,62,Taylor,Taylor-32356,Salem,Salem,1060,Taylor-32356,Salem,8,8,0.00908580360010092,0.484244173468143
193,32358,423,19,Franklin,Franklin-32358,Sopchoppy,Sopchoppy,367,Franklin-32358,,0,0,0.00305994105906393,0.496542247519099
194,32358,426,65,Wakulla,Wakulla-32358,Sopchoppy,Sopchoppy,1099,Wakulla-32358,"Saint Teresa, Sopchoppy",183,183,0.0592621445939585,1.57903429566769
195,32359,427,15,Dixie,Dixie-32359,Steinhatchee,Steinhatchee,296,Dixie-32359,Steinhatchee,10,10,0.0232049040996571,2.00003588690855
196,32359,429,62,Taylor,Taylor-32359,Steinhatchee,Steinhatchee,1061,Taylor-32359,"Jena, Steinhatchee",118,118,0.0101629467317252,0.596879957521318
197,32360,430,39,Liberty,Liberty-32360,Telogia,Telogia,602,Liberty-32360,Telogia,10,10,3.28094110955135E-05,0.0222676594475509
198,32399,431,37,Leon,Leon-32399,Tallahassee,Tallahassee,587,Leon-32399,Tallahassee,147,147,1.74677966242598E-05,0.0232389406028155
199,32401,432,3,Bay,Bay-32401,Panama City,"Panama City, Parker, Springfield, Cedar Grove",27,Bay-32401,"Panama City, Panama City Beach",1907,1907,0.00275954203607398,0.46621560147491
200,32403,433,3,Bay,Bay-32403,Panama City,Tyndall AFB,28,Bay-32403,"Panama City, Tyndall Air Force Base",144,144,0.0149884041502446,2.13383131523525
201,32404,434,3,Bay,Bay-32404,Panama City,"Panama City, Parker, Springfield, Callaway, Lynn Haven, Tyndall AFB",29,Bay-32404,"Callaway, Panama City, Parker",3831,3831,0.0502792216639136,1.8539964292216
202,32405,437,3,Bay,Bay-32405,Panama City,"Panama City, Springfield, Lynn Haven, Cedar Grove, Pretty Bayou",30,Bay-32405,Panama City,3062,3062,0.00453326558522349,0.604679030142481
203,32407,438,3,Bay,Bay-32407,Panama City Beach,"Panama City Beach, Upper Grand Lagoon",31,Bay-32407,"Panama City, Panama City Beach",1394,1394,0.00507875172297645,0.714101922276443
204,32408,439,3,Bay,Bay-32408,Panama City,"Panama City Beach, Lower Grand Lagoon, Upper Grand Lagoon",32,Bay-32408,"Panama City, Panama City Beach",1577,1577,0.00288846003536491,0.568048863698668
205,32409,440,3,Bay,Bay-32409,Panama City,Lynn Haven,33,Bay-32409,"Panama City, Southport",926,926,0.0382672406378788,1.41007833861632
206,32413,442,3,Bay,Bay-32413,Panama City Beach,"Panama City Beach, Laguna Beach",34,Bay-32413,"Alys Beach, Inlet Beach, Panama City, Panama City Beach, Rosemary Beach, Seacrest, Watersound, West Panama City Beach",1383,1383,0.0226720307930464,0.857298301657008
207,32420,447,32,Jackson,Jackson-32420,Alford,Alford,490,Jackson-32420,Alford,177,177,0.0139047475274765,0.705977323109649
208,32420,448,67,Washington,Washington-32420,Alford,Alford,1112,Washington-32420,Alford,<5,-2,0.000599203572164697,0.129949715403265
209,32421,450,7,Calhoun,Calhoun-32421,Altha,Altha,133,Calhoun-32421,Altha,411,411,0.0376246876273854,1.56683047623874
210,32423,453,32,Jackson,Jackson-32423,Bascom,"Malone, Bascom",491,Jackson-32423,Bascom,88,88,0.0173374047869856,0.953302176731635
211,32424,454,7,Calhoun,Calhoun-32424,Blountstown,Blountstown,134,Calhoun-32424,Blountstown,1015,1015,0.0379023065045203,1.48231825143042
212,32425,458,30,Holmes,Holmes-32425,Bonifay,"Caryville, Esto, Noma, Bonifay",476,Holmes-32425,"Bonifay, Caryville, Crestview, Noma",1556,1556,0.0579533231086771,1.20637646962232
213,32425,460,67,Washington,Washington-32425,Bonifay,"Caryville, Bonifay",1113,Washington-32425,Bonifay,20,20,0.00954547852575161,0.813918682432769
214,32426,462,32,Jackson,Jackson-32426,Campbellton,"Campbellton, Jacob City",492,Jackson-32426,Campbellton,70,70,0.0113140396219933,0.608221228295784
215,32427,465,67,Washington,Washington-32427,Caryville,"Caryville, Westville",1114,Washington-32427,Caryville,156,156,0.0129435066241967,0.801515455819019
216,32428,468,32,Jackson,Jackson-32428,Chipley,Chipley,493,Jackson-32428,Chipley,<5,-2,0.000640664383809053,0.312965001800343
217,32428,469,67,Washington,Washington-32428,Chipley,"Chipley, Wausau",1115,Washington-32428,"Bonifay, Chipley, Sunny Hills",2009,2009,0.0706562671055053,1.7129410595342
218,32430,470,7,Calhoun,Calhoun-32430,Clarksville,Clarksville,135,Calhoun-32430,Clarksville,119,119,0.0178889249727945,0.976438849394178
219,32431,471,32,Jackson,Jackson-32431,Cottondale,"Cottondale, Alford, Jacob City",494,Jackson-32431,Cottondale,470,470,0.0213729765177959,1.01576152762868
220,32431,472,67,Washington,Washington-32431,Cottondale,Cottondale,1116,Washington-32431,Cottondale,9,9,0.00426577379789705,0.380380807018818
221,32433,476,66,Walton,Walton-32433,Defuniak Springs,"Paxton, DeFuniak Springs",1100,Walton-32433,Defuniak Springs,1468,1468,0.0663964765465153,2.11813045919054
222,32435,479,66,Walton,Walton-32435,Defuniak Springs,"DeFuniak Springs, Freeport",1101,Walton-32435,Defuniak Springs,530,530,0.0671163785962108,1.74264394107209
223,32437,480,3,Bay,Bay-32437,Ebro,Ebro,35,Bay-32437,Ebro,5,5,0.0036130833216248,0.458796618741672
224,32437,482,67,Washington,Washington-32437,Ebro,Ebro,1117,Washington-32437,Ebro,39,39,0.00427480990651929,0.496677072318708
225,32438,483,3,Bay,Bay-32438,Fountain,Fountain,36,Bay-32438,Fountain,217,217,0.0120167329903325,0.502357980851589
226,32438,484,7,Calhoun,Calhoun-32438,Fountain,Fountain,136,Calhoun-32438,,0,0,0.00233049495727755,0.31472236043709
227,32438,486,67,Washington,Washington-32438,Fountain,Fountain,1118,Washington-32438,,0,0,0.000481664060089315,0.201106001535981
228,32439,487,66,Walton,Walton-32439,Freeport,Freeport,1102,Walton-32439,Freeport,990,990,0.0381994744095664,1.56629817004712
229,32440,489,30,Holmes,Holmes-32440,Graceville,Graceville,477,Holmes-32440,Graceville,17,17,0.00704634183489361,0.62049776728853
230,32440,490,32,Jackson,Jackson-32440,Graceville,"Campbellton, Graceville",495,Jackson-32440,Graceville,1196,1196,0.0187699048883587,0.79463297541649
231,32442,492,7,Calhoun,Calhoun-32442,Grand Ridge,Grand Ridge,137,Calhoun-32442,,0,0,0.00253783264679441,0.27155340492702
232,32442,494,32,Jackson,Jackson-32442,Grand Ridge,"Sneads, Grand Ridge",496,Jackson-32442,Grand Ridge,332,332,0.0215709695164605,1.17212262685647
233,32443,496,32,Jackson,Jackson-32443,Greenwood,Greenwood,497,Jackson-32443,Greenwood,262,262,0.0141721775960377,0.785635892318381
234,32444,497,3,Bay,Bay-32444,Lynn Haven,"Panama City, Lynn Haven",37,Bay-32444,Lynn Haven,2324,2324,0.00275242230873118,0.494733659106842
235,32445,499,32,Jackson,Jackson-32445,Malone,Malone,498,Jackson-32445,Malone,309,309,0.00471396793454915,0.358008894047252
236,32446,500,32,Jackson,Jackson-32446,Marianna,"Greenwood, Marianna, Jacob City",499,Jackson-32446,"Marianna, Tampa",1484,1484,0.0418944016159912,1.68601559872403
237,32448,502,32,Jackson,Jackson-32448,Marianna,"Cottondale, Marianna",500,Jackson-32448,Marianna,808,808,0.047331645199165,1.38854018448221
238,32449,504,7,Calhoun,Calhoun-32449,Wewahitchka,Wewahitchka,138,Calhoun-32449,"Kinard, Wewahitchka",40,40,0.0240569022309955,0.81623984214752
239,32455,506,30,Holmes,Holmes-32455,Ponce De Leon,"Ponce de Leon, Westville",478,Holmes-32455,"Bruce, Ponce De Leon, Red Bay",263,263,0.0178107438769075,0.999116187835167
240,32455,507,66,Walton,Walton-32455,Ponce De Leon,Ponce de Leon,1103,Walton-32455,Ponce De Leon,8,8,0.0339088397529395,1.9278389895949
241,32456,509,3,Bay,Bay-32456,Port Saint Joe,Mexico Beach,38,Bay-32456,Mexico Beach,6,6,0.000809283025546392,0.279485463968247
242,32456,511,23,Gulf,Gulf-32456,Port Saint Joe,"Mexico Beach, Port St. Joe",385,Gulf-32456,"Cape San Blas, Mexico Beach, Port Saint Joe",832,832,0.0515764102415233,2.29614250436268
243,32459,513,66,Walton,Walton-32459,Santa Rosa Beach,Miramar Beach,1104,Walton-32459,"Orlando, Point Washington, Santa Rosa Beach",2120,2120,0.0170668541850318,1.26283824855876
244,32460,516,32,Jackson,Jackson-32460,Sneads,"Sneads, Chattahoochee",501,Jackson-32460,"Orlando, Sneads",541,541,0.0199538445131111,1.10377829590795
245,32461,518,66,Walton,Walton-32461,Inlet Beach,Inlet Beach,1105,Walton-32461,"Alys Beach, Inlet Beach, Rosemary Beach, Seacrest, Watersound",264,264,0.00162765581785607,0.254009174338475
246,32462,519,3,Bay,Bay-32462,Vernon,Vernon,39,Bay-32462,Vernon,<5,-2,0.000344000613267781,0.368658638372082
247,32462,520,66,Walton,Walton-32462,Vernon,Vernon,1106,Walton-32462,Vernon,<5,-2,0.00573108720732307,0.803303987218403
248,32462,521,67,Washington,Washington-32462,Vernon,Vernon,1119,Washington-32462,Vernon,310,310,0.0438473317435637,1.76481111842733
249,32464,522,30,Holmes,Holmes-32464,Westville,"Caryville, Ponce de Leon, Westville",479,Holmes-32464,Westville,287,287,0.0366105104371854,1.46438362695374
250,32464,523,66,Walton,Walton-32464,Westville,Westville,1107,Walton-32464,Westville,<5,-2,0.00582821606917605,0.615473780634091
251,32465,527,19,Franklin,Franklin-32465,Wewahitchka,Wewahitchka,368,Franklin-32465,,0,0,0.00270241298380824,0.502544296770305
252,32465,528,23,Gulf,Gulf-32465,Wewahitchka,Wewahitchka,386,Gulf-32465,"Wewahitchka, White City",942,942,0.0863275768394942,1.83189091366237
253,32466,530,3,Bay,Bay-32466,Youngstown,Youngstown,40,Bay-32466,"Bayou George, Youngstown",423,423,0.0290120804454546,1.36143286628219
254,32466,531,7,Calhoun,Calhoun-32466,Youngstown,Youngstown,139,Calhoun-32466,Youngstown,<5,-2,0.0172565036205015,0.676881301839029
255,32466,532,67,Washington,Washington-32466,Youngstown,Youngstown,1120,Washington-32466,Youngstown,<5,-2,0.00340275976577686,0.374924867075504
256,32501,533,17,Escambia,Escambia-32501,Pensacola,"Pensacola, Brent, Goulding, West Pensacola",336,Escambia-32501,Pensacola,1875,1875,0.000894078699502643,0.168993088202316
257,32502,534,17,Escambia,Escambia-32502,Pensacola,"Pensacola, Warrington",337,Escambia-32502,Pensacola,573,573,0.000607784789053767,0.223776397286855
258,32503,535,17,Escambia,Escambia-32503,Pensacola,"Pensacola, Brent, Ensley, Ferry Pass, Goulding",338,Escambia-32503,Pensacola,2914,2914,0.00316872349981168,0.337261926863095
259,32504,536,17,Escambia,Escambia-32504,Pensacola,"Pensacola, Brent, Ensley, Ferry Pass",339,Escambia-32504,"Gulf Breeze, Pensacola",2274,2274,0.00264749133452824,0.257638259292364
260,32505,537,17,Escambia,Escambia-32505,Pensacola,"Pensacola, Bellview, Brent, Ensley, Goulding, Myrtle Grove, Warrington, West Pensacola",340,Escambia-32505,Pensacola,2499,2499,0.00333318580669584,0.340322867420826
261,32506,538,17,Escambia,Escambia-32506,Pensacola,"Bellview, Myrtle Grove, Warrington, West Pensacola",341,Escambia-32506,"Orlando, Pensacola",2769,2769,0.00803001709073214,0.568401184338465
262,32507,540,17,Escambia,Escambia-32507,Pensacola,"Pensacola, Myrtle Grove, Warrington, West Pensacola",342,Escambia-32507,"Knoxville, Pensacola, Perdido Key",2017,2017,0.00644450841673461,1.34188091513121
263,32508,541,17,Escambia,Escambia-32508,Pensacola,Warrington,343,Escambia-32508,Pensacola,126,126,0.00230499077224522,0.253394061164002
264,32509,542,17,Escambia,Escambia-32509,Pensacola,Bellview,344,Escambia-32509,Pensacola,39,39,0.000276220614523481,0.065734406651965
265,32511,543,17,Escambia,Escambia-32511,Pensacola,"Myrtle Grove, West Pensacola",345,Escambia-32511,Pensacola,42,42,5.83443343202816E-05,0.0452030132213883
266,32512,544,17,Escambia,Escambia-32512,Pensacola,Myrtle Grove,346,Escambia-32512,"Pensacola, Pensacola Naval Hospital",68,68,1.31608887841139E-05,0.0149616585616315
267,32514,545,17,Escambia,Escambia-32514,Pensacola,"Pensacola, Ensley, Ferry Pass, Gonzalez",347,Escambia-32514,"Orlando, Pensacola",4352,4352,0.00485574888216433,0.337669951510954
268,32526,548,17,Escambia,Escambia-32526,Pensacola,"Bellview, Brent, Ensley, Myrtle Grove, West Pensacola",348,Escambia-32526,"Bellview, Pensacola",3592,3592,0.0143874296193189,0.891683409323449
269,32531,550,46,Okaloosa,Okaloosa-32531,Baker,Baker,689,Okaloosa-32531,"Baker, Laurel Hill",556,556,0.0492887987140875,1.16115259388028
270,32531,551,57,Santa Rosa,Santa Rosa-32531,Baker,Munson,954,Santa Rosa-32531,Baker,<5,-2,0.00577081565006665,0.683807673330523
271,32533,553,17,Escambia,Escambia-32533,Cantonment,"Ensley, Gonzalez, Molino",349,Escambia-32533,Cantonment,2986,2986,0.0195893004186019,0.785206053855104
272,32534,555,17,Escambia,Escambia-32534,Pensacola,"Brent, Ensley, Gonzalez",350,Escambia-32534,Pensacola,1435,1435,0.00241105553936904,0.284921856571916
273,32535,557,17,Escambia,Escambia-32535,Century,Century,351,Escambia-32535,Century,1136,1136,0.0181396834993848,0.991941309222764
274,32536,559,46,Okaloosa,Okaloosa-32536,Crestview,Crestview,690,Okaloosa-32536,Crestview,2053,2053,0.0109221396053272,0.640378250815777
275,32539,560,46,Okaloosa,Okaloosa-32539,Crestview,Crestview,691,Okaloosa-32539,Crestview,2737,2737,0.0283085715141169,0.875238434866719
276,32539,561,66,Walton,Walton-32539,Crestview,Crestview,1108,Walton-32539,Crestview,<5,-2,0.00314143018590585,0.50711909111161
277,32541,562,46,Okaloosa,Okaloosa-32541,Destin,"Destin, Miramar Beach",692,Okaloosa-32541,"Destin, Orlando",1828,1828,0.00266094439962217,0.478529984304353
278,32542,564,46,Okaloosa,Okaloosa-32542,Eglin Afb,"Valparaiso, Eglin AFB, Lake Lorraine",693,Okaloosa-32542,"Dfafs, Duke Field Air Force Station, Eglin, Eglin Air Force Base",209,209,0.0813106770481227,1.85444584098802
279,32542,565,57,Santa Rosa,Santa Rosa-32542,Navarre,"Muddy Ford, Holley, Navarre",955,Santa Rosa-32542,Navarre,<5,-2,0.0262791006437055,1.14979479821427
280,32544,567,46,Okaloosa,Okaloosa-32544,Hurlburt Field,Hurlburt Field,694,Okaloosa-32544,Hurlburt Field,95,95,0.000848179937293025,0.247125971041685
281,32547,568,46,Okaloosa,Okaloosa-32547,Fort Walton Beach,"Fort Walton Beach, Ocean City, Wright",695,Okaloosa-32547,"Fort Walton Beach, Fortwalton Beach",3119,3119,0.00558107713823119,0.402239994081614
282,32548,569,46,Okaloosa,Okaloosa-32548,Fort Walton Beach,"Cinco Bayou, Fort Walton Beach, Mary Esther, Ocean City, Wright",696,Okaloosa-32548,"Cinco Bayou, Fort Walton Beach",1923,1923,0.00334548126375012,0.983521692688063
283,32550,572,66,Walton,Walton-32550,Miramar Beach,Miramar Beach,1109,Walton-32550,"Destin, Miramar Beach, Sandestin",735,735,0.00168372161647312,0.300150167938332
284,32561,573,17,Escambia,Escambia-32561,Gulf Breeze,"Gulf Breeze, Navarre Beach, Oriole Beach, Woodlawn Beach",352,Escambia-32561,"Gulf Breeze, Pensacola, Pensacola Beach",50,50,0.00183303106928179,0.858370357243747
285,32561,574,57,Santa Rosa,Santa Rosa-32561,Gulf Breeze,"Gulf Breeze, Midway, Oriole Beach",956,Santa Rosa-32561,"Gulf Breeze, Pensacola Beach",706,706,0.000761687208068906,0.280692371301592
286,32563,575,57,Santa Rosa,Santa Rosa-32563,Gulf Breeze,"Gulf Breeze, Midway, Navarre, Oriole Beach, Tiger Point, Woodlawn Beach",957,Santa Rosa-32563,Gulf Breeze,2390,2390,0.00450655331519556,0.602713307317485
287,32564,576,46,Okaloosa,Okaloosa-32564,Holt,Harold,697,Okaloosa-32564,Holt,182,182,0.0126425194721378,0.771086660200345
288,32564,577,57,Santa Rosa,Santa Rosa-32564,Holt,"Harold, Munson, Springhill",958,Santa Rosa-32564,Holt,7,7,0.0146088243416216,0.855941498241029
289,32565,580,57,Santa Rosa,Santa Rosa-32565,Jay,"Jay, Allentown, Berrydale, Brownsdale, Chumuckla, Cobbtown, Dixonville, Fidelis, Mount Carmel, Pine Level, Whitfield",959,Santa Rosa-32565,Jay,515,515,0.0558252300536424,1.59262216292206
290,32566,582,57,Santa Rosa,Santa Rosa-32566,Navarre,"Holley, Midway, Navarre",960,Santa Rosa-32566,"Gulf Breeze, Milton, Navarre",3430,3430,0.00825662559918783,1.005270651909
291,32567,584,46,Okaloosa,Okaloosa-32567,Laurel Hill,Laurel Hill,698,Okaloosa-32567,"Crestview, Laurel Hill",282,282,0.0220357979396795,1.01303483851577
292,32567,585,66,Walton,Walton-32567,Laurel Hill,Paxton,1110,Walton-32567,Laurel Hill,13,13,0.0146086755980832,0.635153224074757
293,32568,587,17,Escambia,Escambia-32568,Mc David,Chumuckla,353,Escambia-32568,"Mcdavid, Walnut Hill",243,243,0.0555515472206025,1.54985993630893
294,32569,589,46,Okaloosa,Okaloosa-32569,Mary Esther,"Fort Walton Beach, Mary Esther",699,Okaloosa-32569,"Crestview, Mary Esther",878,878,0.00163775697478741,0.467852073174311
295,32570,592,57,Santa Rosa,Santa Rosa-32570,Milton,"Milton, Allentown, Bagdad, Berrydale, Cobbtown, East Milton, Munson, Pace, Pea Ridge, Point Baker, Roeville, Springhill, Whitfield",961,Santa Rosa-32570,Milton,3079,3079,0.0750662130024011,2.04078297654102
296,32571,594,57,Santa Rosa,Santa Rosa-32571,Milton,"Chumuckla, Ferry Pass, Mulat, Pace, Pea Ridge, Wallace",962,Santa Rosa-32571,"Milton, Pace",3473,3473,0.0286044450208465,1.29934165113332
297,32577,596,17,Escambia,Escambia-32577,Molino,Molino,354,Escambia-32577,Molino,452,452,0.018314900372161,0.971630627497124
298,32578,598,46,Okaloosa,Okaloosa-32578,Niceville,"Niceville, Valparaiso",700,Okaloosa-32578,"Choctaw Beach, Niceville, Orlando",2994,2994,0.00842611407665572,0.564134730992716
299,32578,599,66,Walton,Walton-32578,Niceville,Niceville,1111,Walton-32578,Niceville,7,7,0.00532683498317965,0.519077426280365
300,32579,600,46,Okaloosa,Okaloosa-32579,Shalimar,"Fort Walton Beach, Shalimar, Eglin AFB, Lake Lorraine, Ocean City",701,Okaloosa-32579,"Fort Walton Beach, Shalimar",812,812,0.00143079079452946,0.265750300996645
301,32580,601,46,Okaloosa,Okaloosa-32580,Valparaiso,"Niceville, Valparaiso, Eglin AFB",702,Okaloosa-32580,Valparaiso,264,264,0.0010352729434544,0.249525135860841
302,32583,603,57,Santa Rosa,Santa Rosa-32583,Milton,"Milton, Avalon, Bagdad, Dickerson City, East Milton, Garcon Point, Harold, Mulat, Pea Ridge",963,Santa Rosa-32583,"Milton, Orlando",2798,2798,0.0303475590037579,1.81572366042925
303,32601,604,1,Alachua,Alachua-32601,Gainesville,Gainesville,2,Alachua-32601,Gainesville,2694,2694,0.00120067730608753,0.164952953789351
304,32603,605,1,Alachua,Alachua-32603,Gainesville,Gainesville,3,Alachua-32603,Gainesville,854,854,0.000231931974212785,0.12277061334805
305,32605,606,1,Alachua,Alachua-32605,Gainesville,Gainesville,4,Alachua-32605,Gainesville,1512,1512,0.0024066969310752,0.285451014492752
306,32606,607,1,Alachua,Alachua-32606,Gainesville,Gainesville,5,Alachua-32606,"Gainesville, Orlando",1411,1411,0.0042078457943262,0.371953212096025
307,32607,608,1,Alachua,Alachua-32607,Gainesville,Gainesville,6,Alachua-32607,"Gainesville, Orlando",2675,2675,0.00307783891071267,0.369845957001225
308,32608,609,1,Alachua,Alachua-32608,Gainesville,Gainesville,7,Alachua-32608,"Gainesville, Orlando",3458,3458,0.0107910638539579,0.601055137125985
309,32609,610,1,Alachua,Alachua-32609,Gainesville,"Gainesville, Waldo, La Crosse",8,Alachua-32609,"Gainesville, Orlando",1530,1530,0.0306675522315345,0.95723510579798
310,32610,612,1,Alachua,Alachua-32610,Gainesville,Gainesville,9,Alachua-32610,Gainesville,71,71,4.34595353908662E-05,0.0408945723733889
311,32611,613,1,Alachua,Alachua-32611,Gainesville,Gainesville,10,Alachua-32611,"Gainesville, University Of Fl",354,354,0.00036099369481235,0.122380765105926
312,32615,615,1,Alachua,Alachua-32615,Alachua,"Alachua, High Springs, Newberry, Worthington Springs, La Crosse",11,Alachua-32615,"Alachua, Santa Fe, Winter Park",1108,1108,0.0344436575041982,1.29409923831731
313,32617,619,42,Marion,Marion-32617,Anthony,Anthony,635,Marion-32617,Anthony,254,254,0.00787667364284061,0.625643841127592
314,32618,620,1,Alachua,Alachua-32618,Archer,"Archer, Newberry",12,Alachua-32618,Archer,369,369,0.0169756601515019,0.76534624470468
315,32618,621,38,Levy,Levy-32618,Archer,"Newberry, East Bronson",589,Levy-32618,Archer,21,21,0.00426182747651183,0.501788705475413
316,32619,623,21,Gilchrist,Gilchrist-32619,Bell,Bell,376,Gilchrist-32619,Bell,402,402,0.0307353916805369,1.19398421038362
317,32621,626,38,Levy,Levy-32621,Bronson,"Bronson, Otter Creek, East Bronson, Williston Highlands",590,Levy-32621,Bronson,541,541,0.0318882344674876,1.31807904851319
318,32622,627,1,Alachua,Alachua-32622,Brooker,La Crosse,13,Alachua-32622,Brooker,<5,-2,0.00199839616129793,0.469213264859356
319,32622,628,4,Bradford,Bradford-32622,Brooker,"Brooker, Worthington Springs",45,Bradford-32622,Brooker,95,95,0.0173887045316405,0.871298566029963
320,32625,630,38,Levy,Levy-32625,Cedar Key,Cedar Key,591,Levy-32625,Cedar Key,84,84,0.0197909587759568,4.16968269780751
321,32626,633,38,Levy,Levy-32626,Chiefland,"Fanning Springs, Chiefland, Otter Creek, Andrews, Manatee Road",592,Levy-32626,Chiefland,644,644,0.0786870608374102,2.87951036788747
322,32628,634,15,Dixie,Dixie-32628,Cross City,Cross City,297,Dixie-32628,Cross City,790,790,0.00676693220179914,0.528729945771189
323,32631,635,1,Alachua,Alachua-32631,Earleton,Earleton,14,Alachua-32631,Earleton,24,24,0.0032211737450325,0.425044209454536
324,32640,638,1,Alachua,Alachua-32640,Hawthorne,Hawthorne,15,Alachua-32640,"Cross Creek, Hawthorne",482,482,0.040502777670099,1.58025330524303
325,32640,640,54,Putnam,Putnam-32640,Hawthorne,Hawthorne,952,Putnam-32640,"Hawthorne, Interlachen",22,22,0.0207473333352937,0.845965315436469
326,32641,641,1,Alachua,Alachua-32641,Gainesville,Gainesville,16,Alachua-32641,Gainesville,1196,1196,0.013055272540214,0.700876693303381
327,32643,642,1,Alachua,Alachua-32643,High Springs,"Alachua, High Springs, Newberry",17,Alachua-32643,High Springs,667,667,0.0140203582584491,0.856138804207129
328,32643,643,12,Columbia,Columbia-32643,High Springs,High Springs,209,Columbia-32643,High Springs,<5,-2,0.00334453462210149,0.685607768838954
329,32643,644,21,Gilchrist,Gilchrist-32643,High Springs,"Newberry, Spring Ridge",377,Gilchrist-32643,High Springs,17,17,0.00771229127303741,0.529057714111564
330,32648,645,15,Dixie,Dixie-32648,Horseshoe Beach,Horseshoe Beach,298,Dixie-32648,Horseshoe Beach,26,26,0.0281247905181772,1.92465609493542
331,32653,646,1,Alachua,Alachua-32653,Gainesville,"Alachua, Gainesville, La Crosse",18,Alachua-32653,Gainesville,708,708,0.0095184321155557,0.689959798107165
332,32656,648,4,Bradford,Bradford-32656,Keystone Heights,Keystone Heights,46,Bradford-32656,Keystone Heights,7,7,0.00123919921907145,0.36589884950315
333,32656,649,10,Clay,Clay-32656,Keystone Heights,Keystone Heights,179,Clay-32656,Keystone Heights,909,909,0.0307242755807238,1.0162807021777
334,32666,651,1,Alachua,Alachua-32666,Melrose,Melrose,19,Alachua-32666,Melrose,<5,-2,0.00140465511367438,0.30842876086402
335,32666,652,4,Bradford,Bradford-32666,Melrose,Melrose,47,Bradford-32666,Melrose,<5,-2,0.000833116627063646,0.26659713868491
336,32666,653,10,Clay,Clay-32666,Melrose,Keystone Heights,180,Clay-32666,Melrose,<5,-2,0.00250866841065545,0.538105715294422
337,32666,654,54,Putnam,Putnam-32666,Melrose,Melrose,953,Putnam-32666,Melrose,277,277,0.00799446293490291,0.55719325637204
338,32667,655,1,Alachua,Alachua-32667,Micanopy,"Micanopy, McIntosh",20,Alachua-32667,Micanopy,176,176,0.0178984460867468,1.17202091910294
339,32667,657,42,Marion,Marion-32667,Micanopy,McIntosh,637,Marion-32667,Micanopy,<5,-2,0.00993259798292456,0.686602564472682
340,32668,658,38,Levy,Levy-32668,Morriston,"Morriston, Williston Highlands",593,Levy-32668,Morriston,235,235,0.0283967888849475,1.14384617812814
341,32668,659,42,Marion,Marion-32668,Morriston,Morriston,638,Marion-32668,Morriston,<5,-2,0.00511753270416193,0.596495302437266
342,32669,660,1,Alachua,Alachua-32669,Newberry,Newberry,21,Alachua-32669,"Jonesville, Maitland, Newberry, Orlando, Tioga",1120,1120,0.0207767846468414,0.804551534332308
343,32669,661,21,Gilchrist,Gilchrist-32669,Newberry,Newberry,378,Gilchrist-32669,"Newberry, Trenton",7,7,0.00312581935895651,0.463812111888458
344,32669,662,38,Levy,Levy-32669,Newberry,Newberry,594,Levy-32669,Newberry,<5,-2,0.000323319737390193,0.171014152763857
345,32680,663,15,Dixie,Dixie-32680,Old Town,Fanning Springs,299,Dixie-32680,Old Town,610,610,0.112062676505047,3.75187608831072
346,32686,670,42,Marion,Marion-32686,Reddick,Reddick,639,Marion-32686,"Flemington, Irvine, Reddick",309,309,0.0206947008960015,1.23974837272007
347,32693,673,21,Gilchrist,Gilchrist-32693,Trenton,"Fanning Springs, Trenton",379,Gilchrist-32693,"Fanning Springs, Trenton",944,944,0.0358090057077334,1.46084462451983
348,32693,674,38,Levy,Levy-32693,Trenton,"Fanning Springs, Andrews, Manatee Road",595,Levy-32693,"Bronson, Fanning Springs, Trenton",17,17,0.0110465942909741,0.917338444923172
349,32694,675,1,Alachua,Alachua-32694,Waldo,Waldo,22,Alachua-32694,Waldo,91,91,0.00669226990180505,0.547955299051732
350,32696,678,38,Levy,Levy-32696,Williston,"Williston, East Bronson, East Williston, Raleigh, Williston Highlands",596,Levy-32696,Williston,1024,1024,0.0277179227957731,0.971849614388975
351,32696,679,42,Marion,Marion-32696,Williston,East Williston,640,Marion-32696,Williston,5,5,0.00564694837635216,0.581699763625441
352,32701,680,59,Seminole,Seminole-32701,Altamonte Springs,"Altamonte Springs, Longwood, Casselberry, Fern Park",992,Seminole-32701,"Altamonte Springs, Apopka, Orlando, Winter Garden, Winter Park",1491,1491,0.00143234149072669,0.173948448020295
353,32702,681,35,Lake,Lake-32702,Altoona,"Umatilla, Altoona, Pittman",513,Lake-32702,Altoona,176,176,0.0179477547815168,0.795752432447449
354,32702,682,42,Marion,Marion-32702,Altoona,Altoona,641,Marion-32702,Altoona,<5,-2,0.00340839859495645,0.432393565113067
355,32703,683,48,Orange,Orange-32703,Apopka,"Apopka, Ocoee, Clarcona, Forest City, Lockhart, Paradise Heights, South Apopka, Wekiwa Springs",705,Orange-32703,"Apopka, Forest City, Winter Park",3609,3609,0.00906270610312276,0.736955455772567
356,32703,684,59,Seminole,Seminole-32703,Apopka,"Forest City, Lockhart, Wekiwa Springs",993,Seminole-32703,"Apopka, Forest City, Orlando",113,113,0.000870293300749836,0.133846694425453
357,32707,685,59,Seminole,Seminole-32707,Casselberry,"Altamonte Springs, Longwood, Casselberry, Winter Springs, Fern Park",994,Seminole-32707,"Apopka, Casselberry, Maitland, Orlando, Winter Park",2181,2181,0.00255541213891775,0.323575548821057
358,32708,686,59,Seminole,Seminole-32708,Winter Springs,"Oviedo, Longwood, Casselberry, Winter Springs, Black Hammock",995,Seminole-32708,"Casselberry, Maitland, Orlando, Winter Park, Winter Springs",2696,2696,0.00506580755745745,0.495059002971369
359,32709,688,48,Orange,Orange-32709,Christmas,"Bithlo, Christmas, Wedgefield",706,Orange-32709,Christmas,114,114,0.0356503868447362,1.49447146883135
360,32712,692,48,Orange,Orange-32712,Apopka,"Apopka, Mount Plymouth, Wekiwa Springs, Zellwood",707,Orange-32712,"Apopka, Orlando",3059,3059,0.0150476959925072,0.659091871588576
361,32713,696,64,Volusia,Volusia-32713,Debary,"DeBary, Deltona, Orange City",1085,Volusia-32713,"Debary, Orlando",1144,1144,0.00522282980978162,0.433626433886257
362,32714,698,59,Seminole,Seminole-32714,Altamonte Springs,"Altamonte Springs, Forest City, Lockhart, Wekiwa Springs",996,Seminole-32714,"Altamonte Springs, Apopka, Forest City, Lake Mary, Maitland, Orlando, Winter Park",2509,2509,0.0021380520108778,0.222399049857305
363,32720,699,35,Lake,Lake-32720,Deland,"Lake Kathryn, Lake Mack-Forest Hills",514,Lake-32720,Deland,<5,-2,0.0096362896977098,0.897295096097569
364,32720,701,64,Volusia,Volusia-32720,Deland,"DeLand, Orange City, DeLand Southwest, De Leon Springs, North DeLand, West DeLand",1086,Volusia-32720,"Apopka, Deland",1950,1950,0.0151388454710286,0.910812872959364
365,32724,702,64,Volusia,Volusia-32724,Deland,"Lake Helen, DeLand, DeLand Southwest, De Leon Springs, North DeLand",1087,Volusia-32724,"Deland, Maitland, Orlando",2348,2348,0.0259917108312493,1.36678967812215
366,32725,704,64,Volusia,Volusia-32725,Deltona,"DeBary, DeLand, Deltona, Orange City",1088,Volusia-32725,"Daytona Beach, Deltona, Enterprise, Maitland, Orlando",2985,2985,0.00872106180463561,0.641067891860713
367,32726,705,35,Lake,Lake-32726,Eustis,"Tavares, Eustis, Mount Dora",515,Lake-32726,"Eustis, Maitland, Winter Park",1538,1538,0.00510082291702929,0.482693629984887
368,32730,706,59,Seminole,Seminole-32730,Casselberry,"Altamonte Springs, Casselberry, Fern Park",997,Seminole-32730,"Casselberry, Fern Park, Sanford",380,380,0.000359476161747807,0.108046387768639
369,32732,707,59,Seminole,Seminole-32732,Geneva,"Black Hammock, Geneva",998,Seminole-32732,"Geneva, Orlando",239,239,0.0148650714261294,0.771656312787743
370,32735,709,35,Lake,Lake-32735,Grand Island,Eustis,516,Lake-32735,Grand Island,302,302,0.002380091330906,0.335972557505573
371,32736,710,35,Lake,Lake-32736,Eustis,"Eustis, Mount Dora, Pine Lakes",517,Lake-32736,Eustis,550,550,0.0222860856115403,1.19066921622987
372,32738,711,64,Volusia,Volusia-32738,Deltona,"Lake Helen, Deltona",1089,Volusia-32738,"Daytona Beach, Deltona, Orlando",2695,2695,0.00700724071748482,0.562360722274794
373,32744,712,64,Volusia,Volusia-32744,Lake Helen,"Lake Helen, DeLand, Deltona",1090,Volusia-32744,Lake Helen,148,148,0.00328894988933826,0.317816070572198
374,32746,715,59,Seminole,Seminole-32746,Lake Mary,"Sanford, Lake Mary, Heathrow",999,Seminole-32746,"Apopka, Heathrow, Lake Mary, Maitland, Orlando",2491,2491,0.00512199749914544,0.48039055568005
375,32750,716,59,Seminole,Seminole-32750,Longwood,"Altamonte Springs, Lake Mary, Longwood, Casselberry, Winter Springs, Wekiwa Springs",1000,Seminole-32750,"Longwood, Sanford",1421,1421,0.00278891531161207,0.315723583493483
376,32751,717,48,Orange,Orange-32751,Maitland,"Altamonte Springs, Eatonville, Maitland, Casselberry, Winter Park, Fairview Shores, Fern Park",708,Orange-32751,"Eatonville, Maitland",1581,1581,0.00148718162131445,0.241670533224123
377,32751,718,59,Seminole,Seminole-32751,Maitland,"Altamonte Springs, Casselberry, Winter Park, Fern Park",1001,Seminole-32751,"Eatonville, Maitland",77,77,0.000453821098517437,0.219436833419723
378,32754,719,5,Brevard,Brevard-32754,Mims,Mims,48,Brevard-32754,Mims,398,398,0.0206551415828926,0.671827010941348
379,32754,721,64,Volusia,Volusia-32754,Mims,Mims,1091,Volusia-32754,Mims,<5,-2,0.0116658742294931,0.782662135446383
380,32757,722,35,Lake,Lake-32757,Mount Dora,"Tavares, Eustis, Mount Dora",518,Lake-32757,"Apopka, Mount Dora, Zellwood",1797,1797,0.00760724479459896,0.739557074976961
381,32757,723,48,Orange,Orange-32757,Mount Dora,"Mount Dora, Tangerine, Zellwood",709,Orange-32757,Mount Dora,14,14,0.0117161303601279,0.566805583910474
382,32759,725,64,Volusia,Volusia-32759,Oak Hill,"Edgewater, Oak Hill",1092,Volusia-32759,Oak Hill,139,139,0.00986903078751311,0.63769048445292
383,32763,727,64,Volusia,Volusia-32763,Orange City,"DeBary, DeLand, Deltona, Orange City",1093,Volusia-32763,Orange City,1481,1481,0.00570354400861106,0.445619463533781
384,32764,729,64,Volusia,Volusia-32764,Osteen,Deltona,1094,Volusia-32764,Osteen,135,135,0.0269570426003156,1.48921749694015
385,32765,731,59,Seminole,Seminole-32765,Oviedo,"Oviedo, Winter Springs, Black Hammock",1002,Seminole-32765,"Apopka, Maitland, Orlando, Ovido, Oviedo, University Of Central Fl, Windermere",3737,3737,0.00984850580903185,0.679104549261006
386,32766,733,59,Seminole,Seminole-32766,Oviedo,"Oviedo, Chuluota",1003,Seminole-32766,"Chuluota, Orlando, Oviedo",848,848,0.0113151144169024,0.728672792970211
387,32767,735,35,Lake,Lake-32767,Paisley,"Lake Kathryn, Paisley",519,Lake-32767,Paisley,113,113,0.0147493598162782,0.869269963168056
388,32771,738,59,Seminole,Seminole-32771,Sanford,"Sanford, Lake Mary, DeBary, Heathrow, Midway",1004,Seminole-32771,"Deltona, Orlando, Sanford",3563,3563,0.0106907301158117,0.685413962738443
389,32773,740,59,Seminole,Seminole-32773,Sanford,"Sanford, Lake Mary, Winter Springs, Black Hammock, Midway",1005,Seminole-32773,"Apopka, Maitland, Orlando, Sandford, Sanford",2183,2183,0.00849185425818177,0.508970469015774
390,32776,741,35,Lake,Lake-32776,Sorrento,"Mount Dora, Mount Plymouth, Sorrento",520,Lake-32776,"Apopka, Mount Plymouth, Sorrento",694,694,0.0108188920078192,0.702150702286352
391,32776,742,48,Orange,Orange-32776,Sorrento,"Apopka, Mount Plymouth",710,Orange-32776,Sorrento,<5,-2,7.85679983437149E-05,0.182048679511398
392,32778,744,35,Lake,Lake-32778,Tavares,"Tavares, Astatula, Eustis, Leesburg, Mount Dora, Yalaha",521,Lake-32778,"Apopka, Deer Island, Maitland, Tangerine, Tavares",1770,1770,0.00987970848132136,0.636997272615145
393,32779,746,59,Seminole,Seminole-32779,Longwood,"Altamonte Springs, Lake Mary, Longwood, Forest City, Wekiwa Springs",1006,Seminole-32779,"Longwood, Orlando, Tangerine, Wekiva Springs, Wekiwa Springs",1749,1749,0.00491156443945329,0.372395839166425
394,32780,747,5,Brevard,Brevard-32780,Titusville,"Titusville, Port St. John",49,Brevard-32780,"Orlando, Titusville",1636,1636,0.00958676426034799,0.641720384007762
395,32784,749,35,Lake,Lake-32784,Umatilla,"Eustis, Umatilla, Altoona",522,Lake-32784,Umatilla,603,603,0.0109370072389083,0.860512806782461
396,32784,750,42,Marion,Marion-32784,Umatilla,Umatilla,642,Marion-32784,Umatilla,8,8,0.00900803241052017,0.537941861073043
397,32789,751,48,Orange,Orange-32789,Winter Park,"Eatonville, Maitland, Orlando, Winter Park, Fairview Shores",711,Orange-32789,"Orlando, Winter Park",1767,1767,0.00232688929190772,0.296316415179359
398,32792,753,48,Orange,Orange-32792,Winter Park,"Orlando, Casselberry, Winter Park, Goldenrod",712,Orange-32792,"Aloma, Winter Park, Winter Park Dr",2627,2627,0.0014299242980087,0.273097113239739
399,32792,754,59,Seminole,Seminole-32792,Winter Park,"Casselberry, Winter Park, Goldenrod",1007,Seminole-32792,"Orlando, Winter Park",257,257,0.00155921457735531,0.222238235116112
400,32796,755,5,Brevard,Brevard-32796,Titusville,"Titusville, Mims",50,Brevard-32796,Titusville,813,813,0.0099209419536237,0.692389663955313
401,32798,759,48,Orange,Orange-32798,Zellwood,"Apopka, Tangerine, Zellwood",713,Orange-32798,Zellwood,169,169,0.000638302840798133,0.141612299259336
402,32801,760,48,Orange,Orange-32801,Orlando,Orlando,714,Orange-32801,Orlando,1679,1679,0.000560531163955602,0.142198454519211
403,32803,761,48,Orange,Orange-32803,Orlando,"Orlando, Winter Park, Fairview Shores",715,Orange-32803,Orlando,1874,1874,0.00184835401751116,0.247280612569489
404,32804,762,48,Orange,Orange-32804,Orlando,"Orlando, Fairview Shores",716,Orange-32804,"Miami, Orlando",1620,1620,0.0019311745320465,0.212634192766569
405,32805,763,48,Orange,Orange-32805,Orlando,"Orlando, Holden Heights",717,Orange-32805,Orlando,1670,1670,0.001967822053075,0.243928756775712
406,32806,764,48,Orange,Orange-32806,Orlando,"Belle Isle, Edgewood, Orlando, Conway, Holden Heights",718,Orange-32806,Orlando,1894,1894,0.00183328044931841,0.232891424786051
407,32807,765,48,Orange,Orange-32807,Orlando,"Orlando, Winter Park, Azalea Park",719,Orange-32807,"Azalea Park, Longwood, Orlando",2935,2935,0.00204134791965771,0.262670854897833
408,32808,766,48,Orange,Orange-32808,Orlando,"Orlando, Fairview Shores, Lockhart, Orlovista, Pine Hills",720,Orange-32808,"Orlando, Pine Hills",3343,3343,0.0030150361599226,0.262802989753432
409,32809,767,48,Orange,Orange-32809,Orlando,"Belle Isle, Edgewood, Orlando, Oak Ridge, Pine Castle, Sky Lake",721,Orange-32809,"Belle Isle, Edgewood, Orlando, Pine Castle",2415,2415,0.00300179275745904,0.437552447993456
410,32810,768,48,Orange,Orange-32810,Orlando,"Altamonte Springs, Eatonville, Maitland, Orlando, Clarcona, Fairview Shores, Lockhart, Pine Hills",722,Orange-32810,"Lockhart, Maitland, Orlando",2229,2229,0.00236798082619316,0.334482766995643
411,32811,770,48,Orange,Orange-32811,Orlando,"Orlando, Orlovista",723,Orange-32811,"Orlando, Orlo Vista",3415,3415,0.00184193288396273,0.206640493173522
412,32812,771,48,Orange,Orange-32812,Orlando,"Belle Isle, Orlando, Conway",724,Orange-32812,"Belle Isle, Orlando",2552,2552,0.00228924615521464,0.313208296293214
413,32814,772,48,Orange,Orange-32814,Orlando,"Orlando, Winter Park",725,Orange-32814,Orlando,645,645,0.000361096985670883,0.107828831833708
414,32815,773,5,Brevard,Brevard-32815,Orlando,Orlando,51,Brevard-32815,Orlando,<5,-2,0.0331632699924285,1.42946364745098
415,32816,775,48,Orange,Orange-32816,Orlando,"Orlando, University",726,Orange-32816,"Alafaya, Orlando, University Of Central Fl, University Of Central Florida",759,759,0.000212890173997948,0.0657084683178237
416,32817,777,48,Orange,Orange-32817,Orlando,"Alafaya, Goldenrod, Union Park, University",727,Orange-32817,"Orlando, Union Park",2488,2488,0.00302108045571003,0.288255575252823
417,32818,779,48,Orange,Orange-32818,Orlando,"Ocoee, Clarcona, Orlovista, Pine Hills",728,Orange-32818,"Hiawassee, Orlando, Pine Hills",3021,3021,0.00293279713105221,0.442922031244114
418,32819,780,48,Orange,Orange-32819,Orlando,"Orlando, Bay Hill, Doctor Phillips, Lake Butler, Tangelo Park, Williamsburg",729,Orange-32819,"Orlando, Sand Lake",3066,3066,0.00564997773858522,0.488018223661909
419,32820,781,48,Orange,Orange-32820,Orlando,"Bithlo, Christmas",730,Orange-32820,"Alafaya, Orlando",555,555,0.00637455743549253,0.38876824218481
420,32821,782,48,Orange,Orange-32821,Orlando,"Bay Lake, Lake Buena Vista, Williamsburg",731,Orange-32821,"Bay Lake, Orlando",2278,2278,0.00320893663115385,0.349343740458339
421,32822,784,48,Orange,Orange-32822,Orlando,"Orlando, Azalea Park, Conway",732,Orange-32822,Orlando,5628,5628,0.00324472598299508,0.346997556134802
422,32824,785,48,Orange,Orange-32824,Orlando,"Belle Isle, Orlando, Meadow Woods, Southchase, Taft",733,Orange-32824,Orlando,5965,5965,0.007668410040651,0.553594974565406
423,32825,787,48,Orange,Orange-32825,Orlando,"Alafaya, Rio Pinar, Union Park, University",734,Orange-32825,"Alafaya, Maitland, Orlando",5015,5015,0.00552262452515606,0.478344772188479
424,32826,788,48,Orange,Orange-32826,Orlando,"Alafaya, University",735,Orange-32826,"Alafaya, Orlando",1928,1928,0.00205482126011702,0.249116736099013
425,32827,790,48,Orange,Orange-32827,Orlando,Orlando,736,Orange-32827,Orlando,1371,1371,0.00696709263615958,0.497042732221224
426,32828,792,48,Orange,Orange-32828,Orlando,"Alafaya, Bithlo, University, Wedgefield",737,Orange-32828,"Alafaya, Orlando",4826,4826,0.00517594660868781,0.379507284737692
427,32829,793,48,Orange,Orange-32829,Orlando,"Orlando, Alafaya, Rio Pinar",738,Orange-32829,Orlando,1760,1760,0.00453117904544342,0.376391853379633
428,32830,794,48,Orange,Orange-32830,Orlando,"Bay Lake, Lake Buena Vista, Horizon West",739,Orange-32830,"Lake Buena Vista, Orlando",91,91,0.00578257628080792,0.460133041498469
429,32831,796,48,Orange,Orange-32831,Orlando,"Orlando, Alafaya, Wedgefield",740,Orange-32831,"Alafaya, Orlando",310,310,0.00181774131806378,0.246921790033116
430,32832,797,48,Orange,Orange-32832,Orlando,"Orlando, Alafaya, Lake Hart, Lake Mary Jane, Wedgefield",741,Orange-32832,Orlando,2699,2699,0.0157655019856975,0.524413929212476
431,32833,799,48,Orange,Orange-32833,Orlando,"Alafaya, Bithlo, Christmas, Wedgefield",742,Orange-32833,"Alafaya, Orlando",607,607,0.0151780962205521,0.636665903715714
432,32835,800,48,Orange,Orange-32835,Orlando,"Orlando, Gotha, Lake Butler, Orlovista",743,Orange-32835,Orlando,3444,3444,0.00277924283955144,0.242770456415731
433,32836,801,48,Orange,Orange-32836,Orlando,"Bay Lake, Lake Buena Vista, Bay Hill, Doctor Phillips, Horizon West, Lake Butler",744,Orange-32836,"Golden Oak, Olando, Orlando",1451,1451,0.00402141301424308,0.419175604915412
434,32837,802,48,Orange,Orange-32837,Orlando,"Hunters Creek, Southchase, Williamsburg",745,Orange-32837,Orlando,5328,5328,0.00511869880574523,0.352477399842758
435,32839,804,48,Orange,Orange-32839,Orlando,"Edgewood, Orlando, Holden Heights, Oak Ridge, Pine Castle, Sky Lake",746,Orange-32839,"Edgewood, Maitland, Orlando, Pine Castle",4147,4147,0.00216979835818165,0.248164947530484
436,32901,805,5,Brevard,Brevard-32901,Melbourne,"Melbourne, Palm Bay, West Melbourne",52,Brevard-32901,Melbourne,2004,2004,0.00303416871770423,0.356261767428128
437,32903,806,5,Brevard,Brevard-32903,Indialantic,"Melbourne, Indialantic, Indian Harbour Beach",53,Brevard-32903,"Indialantic, Melbourne, University Of Central Florida",713,713,0.000904437543567838,0.234407248409793
438,32904,807,5,Brevard,Brevard-32904,Melbourne,"Melbourne Village, Melbourne, Palm Bay, West Melbourne, June Park",54,Brevard-32904,"Melbourne, Orlando, West Melbourne",2413,2413,0.0151393989003736,1.05526251360421
439,32905,808,5,Brevard,Brevard-32905,Palm Bay,"Melbourne, Palm Bay, Malabar, West Melbourne",55,Brevard-32905,"Melbourne, Palm Bay",1483,1483,0.00230861109025682,0.278607261129315
440,32907,809,5,Brevard,Brevard-32907,Palm Bay,"Palm Bay, Malabar, West Melbourne",56,Brevard-32907,"Melbourne, Palm Bay",2797,2797,0.00563760178420125,0.446059701858643
441,32908,810,5,Brevard,Brevard-32908,Palm Bay,Palm Bay,57,Brevard-32908,"Melbourne, Palm Bay",922,922,0.00827510087060546,0.458988246755443
442,32909,811,5,Brevard,Brevard-32909,Palm Bay,"Palm Bay, Malabar, Grant-Valkaria",58,Brevard-32909,"Grant Valkaria, Melbourne, Palm Bay",2323,2323,0.0136994285071523,0.625311407376648
443,32920,813,5,Brevard,Brevard-32920,Cape Canaveral,"Cape Canaveral, Cocoa Beach",59,Brevard-32920,"Cape Canaveral, Orlando, Port Canaveral",420,420,0.00132751377418572,0.256550239590662
444,32922,814,5,Brevard,Brevard-32922,Cocoa,"Rockledge, Cocoa, Cocoa West",60,Brevard-32922,Cocoa,1014,1014,0.00132439736989909,0.229803818273794
445,32925,815,5,Brevard,Brevard-32925,Patrick Afb,"Patrick AFB, South Patrick Shores",61,Brevard-32925,Patrick Air Force Base,71,71,0.00760270583191414,0.988697102321265
446,32926,816,5,Brevard,Brevard-32926,Cocoa,"Rockledge, Cocoa, Cocoa West, Port St. John, Sharpes",62,Brevard-32926,Cocoa,885,885,0.013535223148665,0.77418555648141
447,32927,818,5,Brevard,Brevard-32927,Cocoa,"Titusville, Port St. John, Sharpes",63,Brevard-32927,"Cocoa, Port Saint John",1065,1065,0.00630013102932026,0.404908963434001
448,32931,819,5,Brevard,Brevard-32931,Cocoa Beach,"Cape Canaveral, Cocoa Beach",64,Brevard-32931,Cocoa Beach,716,716,0.00135443584417771,1.25311631388417
449,32934,820,5,Brevard,Brevard-32934,Melbourne,"Melbourne, West Melbourne",65,Brevard-32934,"Eau Gallie, Melbourne",1062,1062,0.00648438180292032,0.407117377516216
450,32935,821,5,Brevard,Brevard-32935,Melbourne,"Palm Shores, Melbourne",66,Brevard-32935,"Melbourne, Winter Park",2108,2108,0.00286206573036907,0.317976437370609
451,32937,822,5,Brevard,Brevard-32937,Satellite Beach,"Satellite Beach, Melbourne, Indian Harbour Beach, Merritt Island, Patrick AFB, South Patrick Shores",67,Brevard-32937,"Indian Harbour Beach, Melbourne, Satellite Beach",1386,1386,0.0016961695041573,0.334736897501858
452,32940,823,5,Brevard,Brevard-32940,Melbourne,"Palm Shores, Melbourne, Viera East, Viera West",68,Brevard-32940,"Macon, Melbourne, Palm Bay, Palm Shores, University Of Central Florida, Viera",2204,2204,0.00536207081745488,0.389575599392495
453,32948,824,5,Brevard,Brevard-32948,Fellsmere,Fellsmere,69,Brevard-32948,Fellsmere,<5,-2,0.00272095398577221,0.32649445571304
454,32948,825,31,Indian River,Indian River-32948,Fellsmere,Fellsmere,480,Indian River-32948,Fellsmere,871,871,0.0220066878632679,0.715675615138414
455,32949,826,5,Brevard,Brevard-32949,Grant,"Malabar, Grant-Valkaria, Micco",70,Brevard-32949,Grant-valkaria,133,133,0.00393789236863995,0.373415710766482
456,32950,827,5,Brevard,Brevard-32950,Malabar,"Palm Bay, Malabar, Grant-Valkaria",71,Brevard-32950,"Grant Valkaria, Malabar, Valkaria",270,270,0.00476838762506304,0.32654282146365
457,32951,828,5,Brevard,Brevard-32951,Melbourne Beach,"Indialantic, Melbourne Beach, Micco",72,Brevard-32951,"Melbourne, Melbourne Beach",422,422,0.0023347468902557,0.85271177282325
458,32952,829,5,Brevard,Brevard-32952,Merritt Island,"Satellite Beach, Merritt Island",73,Brevard-32952,"Merritt Island, Orlando",984,984,0.00316900594725666,1.33638358200605
459,32953,830,5,Brevard,Brevard-32953,Merritt Island,"Titusville, Merritt Island",74,Brevard-32953,"Merritt Island, Orlando",1316,1316,0.00867495749616864,0.584004233170978
460,32955,831,5,Brevard,Brevard-32955,Rockledge,"Rockledge, Cocoa, Cocoa West, Viera East, Viera West",75,Brevard-32955,"Cocoa, Melbourne, Rockledge, Viera",1921,1921,0.0154343672945743,0.691482933135285
461,32958,834,31,Indian River,Indian River-32958,Sebastian,"Sebastian, Fellsmere, Roseland, Wabasso",481,Indian River-32958,Sebastian,1496,1496,0.00528705289457321,0.563412478452273
462,32960,835,31,Indian River,Indian River-32960,Vero Beach,"Vero Beach, Gifford, Vero Beach South",482,Indian River-32960,Vero Beach,2197,2197,0.00275644116504736,0.224943787620183
463,32962,836,31,Indian River,Indian River-32962,Vero Beach,"Florida Ridge, Vero Beach South",483,Indian River-32962,Vero Beach,1556,1556,0.00294185414190906,0.282159820612225
464,32963,838,31,Indian River,Indian River-32963,Vero Beach,"Orchid, Vero Beach, Indian River Shores, Florida Ridge, South Beach, Wabasso Beach, Windsor",484,Indian River-32963,"Indian River Shores, Orchid, Vero Beach, Winter Park",702,702,0.00438953331604353,1.84435911929486
465,32963,839,56,St. Lucie,St. Lucie-32963,Vero Beach,South Beach,1019,St. Lucie-32963,Fort Pierce,<5,-2,1.22156975521648E-05,0.0390200839776348
466,32966,840,31,Indian River,Indian River-32966,Vero Beach,"Vero Beach, Fellsmere, Gifford, Vero Beach South, West Vero Corridor, Yeehaw Junction",485,Indian River-32966,"Citrus Ridge, Vero Beach",1075,1075,0.0368957717555531,1.65011292596488
467,32967,844,31,Indian River,Indian River-32967,Vero Beach,"Sebastian, Vero Beach, Fellsmere, Gifford, Wabasso, Winter Beach",486,Indian River-32967,"Orlando, Vero Beach",1787,1787,0.0119328947630493,0.661856055480733
468,32968,845,31,Indian River,Indian River-32968,Vero Beach,"Florida Ridge, Vero Beach South",487,Indian River-32968,"Citrus Ridge, Vero Beach",827,827,0.0114637265480724,0.73084945619041
469,32976,847,5,Brevard,Brevard-32976,Sebastian,"Grant-Valkaria, Micco, Roseland",76,Brevard-32976,"Barefoot Bay, Micco, Sebastian",414,414,0.00634131242190961,0.446426763087228
470,33004,849,6,Broward,Broward-33004,Dania,"Hollywood, Dania Beach",78,Broward-33004,"Dania, Dania Beach, Fort Lauderdale",1343,1343,0.0016546506526538,0.261400469853934
471,33009,850,6,Broward,Broward-33009,Hallandale,"Aventura, Pembroke Park, West Park, Hallandale Beach, Hollywood",79,Broward-33009,"Hallandale, Hallandale Beach, Hallandle Beach, Orlando, Pembroke Park",3894,3894,0.0012999287553157,0.194705246670548
472,33010,852,13,Dade,Dade-33010,Hialeah,"Hialeah, Medley, Miami Springs",211,Dade-33010,"Hialeah, Hialeah Gardens, Miami, Miami Gardens",7615,7615,0.000970892218219888,0.167306440024153
473,33012,853,13,Dade,Dade-33012,Hialeah,"Hialeah, Hialeah Gardens",212,Dade-33012,Hialeah,12139,12139,0.00140418294176925,0.149989806873047
474,33013,854,13,Dade,Dade-33013,Hialeah,"Hialeah, Opa-locka, West Little River, Westview",213,Dade-33013,"Hialeah, Orlando",5813,5813,0.000894572352763134,0.150141541600716
475,33014,855,13,Dade,Dade-33014,Hialeah,"Miami Lakes, Miami Gardens, Hialeah, Opa-locka, Country Club",214,Dade-33014,"Hialeah, Hialeah Lakes, Miami Gardens, Miami Lakes",6328,6328,0.00154198470818301,0.186235300850824
476,33015,857,13,Dade,Dade-33015,Hialeah,"Miami Lakes, Miramar, Country Club, Palm Springs North",215,Dade-33015,"Hialeah, Hialeah Lakes, Miami Beach, Miami Gardens, Miami Lakes, Palm Springs North",10027,10027,0.00150519953126604,0.177630009310607
477,33016,858,13,Dade,Dade-33016,Hialeah,"Miami Lakes, Hialeah, Hialeah Gardens, Country Club",216,Dade-33016,"Hialeah, Hialeah Gardens, Miami Lakes",8481,8481,0.00115741788863488,0.205503932047626
478,33018,860,13,Dade,Dade-33018,Hialeah,"Miami Lakes, Hialeah, Hialeah Gardens",217,Dade-33018,"Hialeah, Hialeah Gardens, Miami, Miami Lakes, Orlando",9603,9603,0.0064179745711499,0.456254787782945
479,33019,861,6,Broward,Broward-33019,Hollywood,"Hallandale Beach, Hollywood, Dania Beach",80,Broward-33019,Hollywood,1295,1295,0.00109171775284267,0.192310879086967
480,33020,862,6,Broward,Broward-33020,Hollywood,"Pembroke Park, Hallandale Beach, Hollywood, Dania Beach",81,Broward-33020,Hollywood,4235,4235,0.00146972604761686,0.190141349215628
481,33021,863,6,Broward,Broward-33021,Hollywood,"Pembroke Park, West Park, Hollywood, Dania Beach",82,Broward-33021,"Hollywood, Miami Gardens, Pembroke Park, Weston",5070,5070,0.00201957984154433,0.205515843241617
482,33023,864,6,Broward,Broward-33023,Hollywood,"Miramar, Pembroke Park, West Park, Hollywood, Pembroke Pines",83,Broward-33023,"Hollywood, Miramar, Pembroke Park, Pembroke Pines, West Hollywood, West Park",7342,7342,0.00228779997974016,0.239251651342001
483,33024,866,6,Broward,Broward-33024,Hollywood,"Cooper City, Hollywood, Davie, Pembroke Pines",84,Broward-33024,"Cooper City, Edgewood, Hollywood, Miramar, Orlando, Pembroke Pines",8362,8362,0.00257721818229584,0.227168549006966
484,33025,867,6,Broward,Broward-33025,Hollywood,"Miami Gardens, Miramar, Pembroke Pines, Country Club",85,Broward-33025,"Apopka, Hollywood, Miramar, Pembroke Pines",8196,8196,0.00258699669075213,0.230675329730897
485,33026,869,6,Broward,Broward-33026,Hollywood,"Cooper City, Davie, Southwest Ranches, Pembroke Pines",86,Broward-33026,"Cooper City, Hollywood, Pembroke Lakes, Pembroke Pines",2706,2706,0.00116282433418746,0.137470657014973
486,33027,870,6,Broward,Broward-33027,Hollywood,"Miramar, Pembroke Pines, Country Club",87,Broward-33027,"Hollywood, Miramar, Orlando, Pembroke Pines",6280,6280,0.00327184514367218,0.231712171720915
487,33028,872,6,Broward,Broward-33028,Pembroke Pines,"Davie, Southwest Ranches, Pembroke Pines",88,Broward-33028,"Hollywood, Orlando, Pembroke Pines",3569,3569,0.00138351127156966,0.17486624451621
488,33029,873,6,Broward,Broward-33029,Hollywood,"Miramar, Southwest Ranches, Pembroke Pines",89,Broward-33029,"Hollywood, Miramar, Orlando, Pembroke Pines",4741,4741,0.00465612273842453,0.313703798947397
489,33030,875,13,Dade,Dade-33030,Homestead,"Homestead, Florida City, Leisure City",218,Dade-33030,"Everglades National Park, Homestead, Leisure City, Miami, Orlando",5106,5106,0.00540768488508547,0.434600050024962
490,33031,876,13,Dade,Dade-33031,Homestead,Homestead,219,Dade-33031,"Homestead, Redland",701,701,0.00645052257777934,0.477444243125922
491,33032,877,13,Dade,Dade-33032,Homestead,"Goulds, Homestead Base, Leisure City, Naranja, Princeton",220,Dade-33032,"Hialeah, Homestead, Miami, Naranja, Princeton",7404,7404,0.00548630898333613,0.417045358011165
492,33033,878,13,Dade,Dade-33033,Homestead,"Homestead, Islandia, Homestead Base, Leisure City, Naranja",221,Dade-33033,"Homestead, Leisure City, Naranja",8228,8228,0.00417133492919675,0.462143022122322
493,33034,879,13,Dade,Dade-33034,Homestead,"Homestead, Florida City",222,Dade-33034,"Florida City, Homestead",2709,2709,0.0501687418588972,1.27607187249595
494,33034,880,44,Monroe,Monroe-33034,Flamingo,Flamingo,673,Monroe-33034,,0,0,0.00651121393889298,3.00274817312146
495,33035,881,13,Dade,Dade-33035,Homestead,"Homestead, Florida City",223,Dade-33035,Homestead,1731,1731,0.022673662084344,2.68865288292229
496,33036,883,44,Monroe,Monroe-33036,Islamorada,"Islamorada, Village of Islands",674,Monroe-33036,Islamorada,181,181,0.00153532968965919,0.977776773892669
497,33037,885,44,Monroe,Monroe-33037,Key Largo,"Islandia, Key Largo, North Key Largo, Tavernier",675,Monroe-33037,"Cross Key, Key Largo, Ocean Reef Club, Upper Key Largo",842,842,0.00855890431148509,2.27856960863857
498,33039,886,13,Dade,Dade-33039,Homestead,Homestead Base,224,Dade-33039,Homestead,10,10,0.000786332738925921,0.180416374761294
499,33040,887,44,Monroe,Monroe-33040,Key West,"Key West, Big Coppitt Key, Stock Island",676,Monroe-33040,"East Rockland Key, Key West, Stock Island, University Of Central Florida",2805,2805,0.00687185681476876,4.42686642894423
500,33042,888,44,Monroe,Monroe-33042,Summerland Key,Cudjoe Key,677,Monroe-33042,"Big Torch Key, Cudjoe Key, Little Torch Key, Ramrod Key, Sugarloaf, Sugarloaf Key, Summerland Key",262,262,0.00666809588256001,3.92572160972474
501,33043,889,44,Monroe,Monroe-33043,Big Pine Key,Big Pine Key,678,Monroe-33043,Big Pine Key,115,115,0.00455487435533541,2.13537561367275
502,33050,890,44,Monroe,Monroe-33050,Marathon,"Marathon, Key Colony Beach, Duck Key",679,Monroe-33050,"Conch Key, Duck Key, Marathon",639,639,0.00271608176296922,1.7579306490801
503,33054,892,13,Dade,Dade-33054,Opa Locka,"Miami Lakes, Miami Gardens, Hialeah, Opa-locka, Golden Glades, Westview",225,Dade-33054,"Miami Gardens, Opa Locka",3938,3938,0.00224462987716834,0.234092562965891
504,33055,894,13,Dade,Dade-33055,Opa Locka,"Miami Lakes, Miami Gardens, Miramar, Country Club",226,Dade-33055,"Carol City, Miami Gardens, Opa Locka",6656,6656,0.00148213924990159,0.16186888263489
505,33056,896,13,Dade,Dade-33056,Miami Gardens,"Miami Gardens, Miramar",227,Dade-33056,"Carol City, Miami, Miami Gardens, Opa Locka",4596,4596,0.00147219921382202,0.158122439782894
506,33060,897,6,Broward,Broward-33060,Pompano Beach,"Pompano Beach, Fort Lauderdale, Oakland Park",90,Broward-33060,Pompano Beach,3420,3420,0.00170826964404114,0.179559163325915
507,33062,898,6,Broward,Broward-33062,Pompano Beach,"Deerfield Beach, Pompano Beach, Lauderdale-by-the-Sea, Lighthouse Point, Hillsboro Beach, Fort Lauderdale",91,Broward-33062,"Hillsboro Beach, Laud-by-the-sea, Lauderdale By The Sea, Pompano Beach",1546,1546,0.000951430232817074,0.268989649270207
508,33063,899,6,Broward,Broward-33063,Pompano Beach,"Coconut Creek, Coral Springs, North Lauderdale, Margate",92,Broward-33063,"Coconut Creek, Margate, Orlando, Pompano Beach",4919,4919,0.00214074867244562,0.228616159101339
509,33064,900,6,Broward,Broward-33064,Pompano Beach,"Deerfield Beach, Pompano Beach, Lighthouse Point, Hillsboro Beach",93,Broward-33064,"Deerfield Beach, Lighthouse Point, Pompano Beach, Winter Garden",6284,6284,0.00249614506128637,0.247207857710575
510,33065,901,6,Broward,Broward-33065,Coral Springs,"Coral Springs, Parkland",94,Broward-33065,"Coral Springs, Margate, Pompano Beach",5480,5480,0.00202680325492111,0.223324496518277
511,33066,902,6,Broward,Broward-33066,Pompano Beach,Coconut Creek,95,Broward-33066,"Coconut Creek, Lauderdale Lakes, Pompano Beach",1364,1364,0.000744368745017709,0.127681764526236
512,33067,903,6,Broward,Broward-33067,Pompano Beach,"Coconut Creek, Coral Springs, Parkland, Watergate",96,Broward-33067,"Coral Springs, Parkland, Pompano Beach",2320,2320,0.00254574618884362,0.231646121871864
513,33068,905,6,Broward,Broward-33068,Pompano Beach,"Coral Springs, North Lauderdale, Tamarac, Margate, Fort Lauderdale",97,Broward-33068,"Margate, North Lauderdale, Pompano Beach",5017,5017,0.00140905378088974,0.171814528199643
514,33069,906,6,Broward,Broward-33069,Pompano Beach,"Coconut Creek, Deerfield Beach, North Lauderdale, Pompano Beach, Fort Lauderdale, Oakland Park",98,Broward-33069,Pompano Beach,2753,2753,0.00224689680590018,0.245361192008674
515,33070,907,44,Monroe,Monroe-33070,Tavernier,"Islamorada, Village of Islands, Key Largo, Tavernier",680,Monroe-33070,"Plantation Key, Tavernier",402,402,0.00105941151105071,0.344046844635609
516,33071,908,6,Broward,Broward-33071,Coral Springs,"Coral Springs, Tamarac, Margate",99,Broward-33071,"Apopka, Coral Springs, Margate, Orlando, Pompano Beach, University Of Central Florida",3424,3424,0.00186892137662653,0.19111476011161
517,33073,909,6,Broward,Broward-33073,Pompano Beach,"Coconut Creek, Coral Springs, Deerfield Beach, Parkland, Pompano Beach, Hillsboro Pines, Watergate",100,Broward-33073,"Coconut Creek, Coral Springs, Margate, Orlando, Parkland, Pompano Beach",3603,3603,0.00203300092130121,0.218033846819137
518,33076,911,6,Broward,Broward-33076,Pompano Beach,"Pompano Beach, Coral Springs, Parkland",101,Broward-33076,"Coral Springs, Parkland, Pompano Beach",3016,3016,0.00285931031544351,0.221243831470489
519,33109,913,13,Dade,Dade-33109,Miami Beach,"Miami, Miami Beach, Fisher Island",228,Dade-33109,"Fisher Island, Miami, Miami Beach",96,96,7.32652276838053E-05,0.0525019979383301
520,33122,914,13,Dade,Dade-33122,Miami,Doral,229,Dade-33122,"Air Mail Facility, Doral, Miami",489,489,0.00128287141978944,0.316062776493813
521,33125,915,13,Dade,Dade-33125,Miami,"Miami, Coral Gables",230,Dade-33125,Miami,10788,10788,0.000955158134274825,0.144737387809542
522,33126,916,13,Dade,Dade-33126,Miami,"Doral, Miami, Fountainebleau",231,Dade-33126,"Doral, Miami",8274,8274,0.00142922351005836,0.335900771320947
523,33127,917,13,Dade,Dade-33127,Miami,Miami,232,Dade-33127,Miami,3325,3325,0.00075378197993814,0.114982957280981
524,33128,918,13,Dade,Dade-33128,Miami,Miami,233,Dade-33128,Miami,3667,3667,0.00010776735575746,0.0562086715722401
525,33129,919,13,Dade,Dade-33129,Miami,Miami,234,Dade-33129,Miami,1723,1723,0.000303954313267241,0.122239209199169
526,33130,920,13,Dade,Dade-33130,Miami,Miami,235,Dade-33130,"Miami, North Miami",5502,5502,0.000246982693397513,0.0697400265661099
527,33131,921,13,Dade,Dade-33131,Miami,Miami,236,Dade-33131,Miami,3248,3248,0.000107291614540372,0.0687875923707577
528,33132,922,13,Dade,Dade-33132,Miami,Miami,237,Dade-33132,"Miami, Seybold",2934,2934,0.000413428642104918,0.214660856789687
529,33133,923,13,Dade,Dade-33133,Miami,"Miami, Coral Gables",238,Dade-33133,"Coconut Grove, Coral Gables, Miami, Pass",4088,4088,0.000987046147201909,0.297361078871353
530,33134,924,13,Dade,Dade-33134,Miami,"West Miami, Miami, Coral Gables, Coral Terrace",239,Dade-33134,"Coconut Grove, Coral Gables, Miami",4506,4506,0.00120616788581174,0.138842717906439
531,33135,925,13,Dade,Dade-33135,Miami,"Miami, Coral Gables",240,Dade-33135,Miami,5219,5219,0.000499547274102952,0.113382078860549
532,33136,926,13,Dade,Dade-33136,Miami,Miami,241,Dade-33136,Miami,4258,4258,0.000337332475965013,0.0799985235462436
533,33137,927,13,Dade,Dade-33137,Miami,Miami,242,Dade-33137,Miami,3795,3795,0.000503235954738557,0.176335563339724
534,33138,928,13,Dade,Dade-33138,Miami,"Miami, Biscayne Park, El Portal, Miami Shores, West Little River",243,Dade-33138,"El Portal, Miami, Miami Shores",2528,2528,0.00102012635625215,0.230720378586878
535,33139,929,13,Dade,Dade-33139,Miami Beach,"Miami, Miami Beach",244,Dade-33139,"Fisher Island, Miami, Miami Beach, North Miami Beach, Venetian Islands",5514,5514,0.000634351903727293,0.36721437257776
536,33140,930,13,Dade,Dade-33140,Miami Beach,Miami Beach,245,Dade-33140,"Miami, Miami Beach",3326,3326,0.000761299898158541,0.357714423501677
537,33141,931,13,Dade,Dade-33141,Miami Beach,"Surfside, Miami Beach",246,Dade-33141,"Miami, Miami Beach, North Bay Village",4092,4092,0.000543443455626402,0.336365156074821
538,33142,932,13,Dade,Dade-33142,Miami,"Miami, Hialeah, Miami Springs, Brownsville, Gladeview",247,Dade-33142,Miami,8545,8545,0.00167448936417713,0.177857605780352
539,33143,933,13,Dade,Dade-33143,Miami,"Coral Gables, Pinecrest, South Miami, Glenvar Heights, Kendall, Olympia Heights, Sunset",248,Dade-33143,"Coral Gables, Miami, Miami Gardens, Orlando, South Miami",5179,5179,0.00191835628038461,0.275163757959235
540,33144,934,13,Dade,Dade-33144,Miami,"West Miami, Miami, Coral Gables, Coral Terrace, Fountainebleau, Westchester",249,Dade-33144,"Coral Gables, Miami, Orlando, Sweetwater, University Of Central Fl, West Miami",4435,4435,0.0007123021755433,0.128061780556067
541,33145,935,13,Dade,Dade-33145,Miami,"Miami, Coral Gables",250,Dade-33145,"Coral, Coral Gables, Miami",3948,3948,0.000592238524859567,0.127492585449818
542,33146,936,13,Dade,Dade-33146,Miami,"Miami, Coral Gables, South Miami",251,Dade-33146,"Coconut Grove, Coral Gables, Miami, South Miami, University Of Miami",2576,2576,0.000760828798775037,0.121796972191466
543,33147,937,13,Dade,Dade-33147,Miami,"Miami, Hialeah, Brownsville, Gladeview, Pinewood, West Little River, Westview",252,Dade-33147,"Doral, Miami",6413,6413,0.00169694962073663,0.214098732381807
544,33149,938,13,Dade,Dade-33149,Key Biscayne,"Miami, Key Biscayne",253,Dade-33149,"Key Biscayne, Miami, Orlando",2070,2070,0.00118580300295434,0.456772429833545
545,33150,939,13,Dade,Dade-33150,Miami,"Miami, El Portal, Miami Shores, Gladeview, Pinewood, West Little River",254,Dade-33150,"El Portal, Miami, Miami Shores",2871,2871,0.000832073232686525,0.13756199985708
546,33154,940,13,Dade,Dade-33154,Miami Beach,"Surfside, Bal Harbour, Miami Beach, North Miami",255,Dade-33154,"Bal Harbour, Bay Harbor Islands, Indian Creek Village, Miami, Miami Beach, Miami Gardens, Orlando, Surfside",1689,1689,0.000494334903351046,0.233905549655196
547,33155,941,13,Dade,Dade-33155,Miami,"West Miami, Coral Gables, South Miami, Coral Terrace, Glenvar Heights, Olympia Heights, Westchester",256,Dade-33155,"Miami, Pinecrest, West Miami",6976,6976,0.00183974850779123,0.174749892858504
548,33156,942,13,Dade,Dade-33156,Miami,"Coral Gables, Pinecrest, South Miami, Palmetto Bay, Glenvar Heights, Kendall",257,Dade-33156,"Coral Gables, Cutler Ridge, Kendall, Miami, Pinecrest",4252,4252,0.00331925083219176,0.587865042566188
549,33157,943,13,Dade,Dade-33157,Miami,"Cutler Bay, Palmetto Bay, Kendall, Palmetto Estates, Richmond Heights, South Miami Heights, West Perrine",258,Dade-33157,"Cutler Bay, Cutler Ridge, Miami, Palmetto Bay, Perrine, Pinecrest, South Miami Heights, Village Of Palmetto Bay",9008,9008,0.00352593562956827,0.329033574537948
550,33158,944,13,Dade,Dade-33158,Miami,"Coral Gables, Pinecrest, Palmetto Bay, Kendall",259,Dade-33158,"Coral Gables, Miami, Palmetto Bay, Village Of Palmetto Bay",575,575,0.000698259594628325,0.201091885842525
551,33160,946,13,Dade,Dade-33160,North Miami Beach,"North Miami Beach, Sunny Isles Beach, Aventura, North Miami, Golden Beach, Hallandale Beach, Ojus",260,Dade-33160,"Aventura, Cleveland, Golden Beach, Miami, Miami Gardens, North Miami Beach, Sunny Isles Beach",4796,4796,0.00134231476340574,0.344393009483151
552,33161,947,13,Dade,Dade-33161,Miami,"North Miami Beach, Biscayne Park, North Miami, Miami Shores, Golden Glades",261,Dade-33161,"Aventura, Barry University, Biscayne Park, Miami, Miami Shores, North Miami, Orlando",4935,4935,0.00130736992286984,0.167304585246873
553,33162,948,13,Dade,Dade-33162,Miami,"North Miami Beach, North Miami, Golden Glades, Ojus",262,Dade-33162,"Miami, Miami Beach, North Miami Beach, Uleta",4611,4611,0.00128933910787055,0.18272959858502
554,33165,949,13,Dade,Dade-33165,Miami,"Olympia Heights, Sunset, University Park, Westchester, Westwood Lakes",263,Dade-33165,"Miami, Westchester",9880,9880,0.00184572384955572,0.178718456086601
555,33166,950,13,Dade,Dade-33166,Miami,"Doral, Hialeah, Hialeah Gardens, Medley, Virginia Gardens, Miami Springs",264,Dade-33166,"Doral, Medley, Miami, Miami Springs, Virginia Gardens",4612,4612,0.00229213786246874,0.285796420471177
556,33167,951,13,Dade,Dade-33167,Miami,"Hialeah, North Miami, Opa-locka, Golden Glades, Pinewood, West Little River, Westview",265,Dade-33167,"Miami, North Miami, Orlando",2157,2157,0.00114236720537519,0.225846500938325
557,33168,952,13,Dade,Dade-33168,Miami,"North Miami, Miami Shores, Golden Glades, Pinewood",266,Dade-33168,"Miami, Miami Shores, North Miami",2547,2547,0.000815633709180474,0.124217397913629
558,33169,954,13,Dade,Dade-33169,Miami,"North Miami Beach, Miami Gardens, Miramar, West Park, Golden Glades",267,Dade-33169,"Miami, Miami Gardens, North Miami Beach, Opa Locka, Orlando",4357,4357,0.00164173084272079,0.191045929658437
559,33170,955,13,Dade,Dade-33170,Miami,"Cutler Bay, Goulds, Princeton",268,Dade-33170,"Cutler Ridge, Goulds, Homestead, Miami, Orlando, Quail Heights",2145,2145,0.00348484995265608,0.558356665228591
560,33172,956,13,Dade,Dade-33172,Miami,"Sweetwater, Doral, Fountainebleau, Tamiami",269,Dade-33172,"Doral, Miami, Orlando, Sweetwater, West Miami",7676,7676,0.0018343222434396,0.222359469336085
561,33173,957,13,Dade,Dade-33173,Miami,"Glenvar Heights, Kendall, Olympia Heights, Sunset, Westwood Lakes",270,Dade-33173,Miami,4452,4452,0.00136247737987105,0.168551274654459
562,33174,958,13,Dade,Dade-33174,Miami,"Sweetwater, Fountainebleau, Tamiami, University Park, Westchester",271,Dade-33174,"Miami, South Miami, Sweetwater, West Miami",5369,5369,0.000658759957559596,0.136391134753991
563,33175,959,13,Dade,Dade-33175,Miami,"Kendale Lakes, Kendall West, Tamiami, University Park, Westwood Lakes",272,Dade-33175,Miami,9192,9192,0.00185708583126143,0.224540270208753
564,33176,960,13,Dade,Dade-33176,Miami,"Palmetto Bay, Kendall, Palmetto Estates, Richmond Heights, Three Lakes",273,Dade-33176,"Miami, Palmetto Bay, Richmond Heights",6603,6603,0.00286972912476813,0.227856588825096
565,33177,961,13,Dade,Dade-33177,Miami,"Country Walk, Goulds, Palmetto Estates, Richmond Heights, Richmond West, South Miami Heights, Three Lakes, West Perrine",274,Dade-33177,"Homestead, Miami, Orlando, Quail Heights",8941,8941,0.00297104876017329,0.237347655699712
566,33178,962,13,Dade,Dade-33178,Miami,"Doral, Hialeah Gardens, Medley",275,Dade-33178,"Doral, Medley, Miami, Miami Lakes, Opa Locka, Orlando",13691,13691,0.0156412523604104,0.700020140495705
567,33179,964,13,Dade,Dade-33179,Miami,"North Miami Beach, Miami Gardens, Pembroke Park, West Park, Hallandale Beach, Ives Estates, Ojus",276,Dade-33179,"Miami, Miami Gardens, North Miami Beach",5064,5064,0.00132568827257273,0.193160316561839
568,33180,966,13,Dade,Dade-33180,Miami,"North Miami Beach, Sunny Isles Beach, Aventura, Coral Gables, Hallandale Beach, Coral Terrace, Ojus",277,Dade-33180,"Aventura, Miami, North Miami Beach",4009,4009,0.000860060111563143,0.166785454208618
569,33181,967,13,Dade,Dade-33181,Miami,"North Miami Beach, North Miami, Golden Glades",278,Dade-33181,"Biscayne Park, Miami, North Miami, North Miami Beach",2016,2016,0.000738810000484591,0.212065008786158
570,33182,968,13,Dade,Dade-33182,Miami,"Doral, Tamiami",279,Dade-33182,"Doral, Miami, Sweetwater, West Miami",2324,2324,0.00223316780761706,0.26857770597258
571,33183,969,13,Dade,Dade-33183,Miami,"Kendale Lakes, Kendall, Kendall West, Sunset, The Crossings, Westwood Lakes",280,Dade-33183,"Kendall, Miami",5541,5541,0.00139799941371166,0.156604501774909
572,33184,970,13,Dade,Dade-33184,Miami,"Tamiami, University Park",281,Dade-33184,Miami,3422,3422,0.000619846163317561,0.179883497394531
573,33185,971,13,Dade,Dade-33185,Miami,"Kendale Lakes, Kendall West",282,Dade-33185,"Miami, Olympia Heights",4596,4596,0.00276246226894727,0.384700617908453
574,33186,972,13,Dade,Dade-33186,Miami,"Country Walk, Kendale Lakes, Kendall, Kendall West, Richmond Heights, Richmond West, The Crossings, The Hammocks, Three Lakes",283,Dade-33186,"Crossings, Miami, Miamii, Orlando",9183,9183,0.00291657190200567,0.299851707607732
575,33187,973,13,Dade,Dade-33187,Miami,"Country Walk, Richmond West",284,Dade-33187,"Miami, North Miami",2864,2864,0.00937579883202488,0.553250589950052
576,33189,974,13,Dade,Dade-33189,Miami,"Cutler Bay, Goulds, South Miami Heights",285,Dade-33189,"Cutler Bay, Cutler Ridge, Miami, Quail Heights",3197,3197,0.00140721335969829,0.232686862488129
577,33190,975,13,Dade,Dade-33190,Miami,"Cutler Bay, Goulds",286,Dade-33190,"Cutler Bay, Cutler Ridge, Miami, Quail Heights",1925,1925,0.000816366934486723,0.208087016314328
578,33193,976,13,Dade,Dade-33193,Miami,"Kendale Lakes, Kendall West, The Hammocks",287,Dade-33193,Miami,7157,7157,0.0012216930501836,0.154820774339606
579,33194,977,13,Dade,Dade-33194,Miami,Tamiami,288,Dade-33194,"Miami, Sweetwater",1566,1566,0.00121497764939704,0.234534130395549
580,33196,980,13,Dade,Dade-33196,Miami,"Country Walk, Kendall West, Richmond West, The Hammocks",289,Dade-33196,"Miami, Orlando",7337,7337,0.115114542209767,2.02286658644599
581,33199,982,13,Dade,Dade-33199,Miami,University Park,290,Dade-33199,"Florida International Univ, Florida International University, Miami",76,76,4.86788351281575E-05,0.0386553245136198
582,33301,983,6,Broward,Broward-33301,Fort Lauderdale,Fort Lauderdale,102,Broward-33301,"Fort Lauderdale, Hollywood, Orlando, Parkland, Pembroke Pines, Pompano Beach, Rock Hill, Weston",2104,2104,0.000608367550967159,0.140406734065799
583,33304,984,6,Broward,Broward-33304,Fort Lauderdale,Fort Lauderdale,103,Broward-33304,"Fort Lauderdale, Oakland Park",1781,1781,0.000810523390555318,0.157097254863488
584,33305,985,6,Broward,Broward-33305,Fort Lauderdale,"Wilton Manors, Fort Lauderdale, Lazy Lake",104,Broward-33305,"Fort Lauderdale, Lazy Lake, Oakland Park, Wilton Manors",1061,1061,0.000528030130453772,0.162403145762537
585,33306,986,6,Broward,Broward-33306,Fort Lauderdale,"Wilton Manors, Fort Lauderdale, Oakland Park",105,Broward-33306,"Fort Lauderdale, Oakland Park, Wilton Manors",311,311,0.000199299953237642,0.0729551505195874
586,33308,987,6,Broward,Broward-33308,Fort Lauderdale,"Pompano Beach, Lauderdale-by-the-Sea, Sea Ranch Lakes, Fort Lauderdale, Oakland Park",106,Broward-33308,"Fort Lauderdale, Laud-by-the-sea, Lauderdale By The Sea, Oakland Park, Sea Ranch Lakes",2462,2462,0.0011439887018696,0.165338142084765
587,33309,988,6,Broward,Broward-33309,Fort Lauderdale,"North Lauderdale, Pompano Beach, Tamarac, Lauderdale Lakes, Fort Lauderdale, Oakland Park",107,Broward-33309,"Coral Springs, Fort Lauderdale, Hollywood, Lauderdale Lakes, North Lauderdale, Oakland Park, Orlando, Pompano Beach, Tamarac",3809,3809,0.00247115653974106,0.218732456678554
588,33311,989,6,Broward,Broward-33311,Fort Lauderdale,"Lauderdale Lakes, Wilton Manors, Lauderhill, Fort Lauderdale, Lazy Lake, Oakland Park, Plantation, Boulevard Gardens, Franklin Park, Roosevelt Gardens, Washington Park",108,Broward-33311,"Alafaya, Fort Lauderdale, Hallandale, Lauderdale Lakes, Lauderhill, Oakland Park, Orlando, Plantation, Pompano Beach, Wilton Manors",6391,6391,0.00251786627222828,0.205893838158591
589,33312,990,6,Broward,Broward-33312,Fort Lauderdale,"Lauderhill, Hollywood, Dania Beach, Davie, Fort Lauderdale, Plantation, Boulevard Gardens, Broadview Park, Washington Park",109,Broward-33312,"Davie, Fort Lauderdale, Lauderhill",5225,5225,0.00270515563602203,0.289018550787828
590,33313,991,6,Broward,Broward-33313,Fort Lauderdale,"Sunrise, Lauderdale Lakes, Lauderhill, Plantation",110,Broward-33313,"City Of Sunrise, Fort Lauderdale, Lauderdale Lakes, Lauderhill, Oakland Park, Ocoee, Plantation, Sunrise",5001,5001,0.00139655576595032,0.206036007925036
591,33314,992,6,Broward,Broward-33314,Fort Lauderdale,"Hollywood, Dania Beach, Davie",111,Broward-33314,"Dania Beach, Davie, Fort Lauderdale, Hollywood, Orlando, Pompano Beach, Tamarac",3072,3072,0.0020581678779763,0.22037793080429
592,33315,993,6,Broward,Broward-33315,Fort Lauderdale,"Dania Beach, Fort Lauderdale",112,Broward-33315,"Fort Lauderdale, Miami",1742,1742,0.00130655836505866,0.172749644920509
593,33316,994,6,Broward,Broward-33316,Fort Lauderdale,"Hollywood, Dania Beach, Fort Lauderdale",113,Broward-33316,"Dania, Fort Lauderdale, Port Everglades",2398,2398,0.00112351544203193,0.213244323009878
594,33317,995,6,Broward,Broward-33317,Fort Lauderdale,"Sunrise, Davie, Fort Lauderdale, Plantation, Broadview Park",114,Broward-33317,"Apopka, Davie, Fort Lauderdale, Plantation",3476,3476,0.00225207881589995,0.219973794464346
595,33319,996,6,Broward,Broward-33319,Fort Lauderdale,"North Lauderdale, Sunrise, Tamarac, Lauderdale Lakes, Lauderhill, Fort Lauderdale",115,Broward-33319,"Fort Lauderdale, Lauderdale Lakes, Lauderhill, Ldhl, North Lauderdale, Sunrise, Tamarac",4401,4401,0.00166372052990482,0.188511750138904
596,33321,997,6,Broward,Broward-33321,Fort Lauderdale,"Coral Springs, North Lauderdale, Sunrise, Tamarac",116,Broward-33321,"Fort Lauderdale, Lauderhill, Orlando, Tamarac",4396,4396,0.00191372168478665,0.200883183582718
597,33322,998,6,Broward,Broward-33322,Fort Lauderdale,"Sunrise, Plantation",117,Broward-33322,"Fort Lauderdale, Plantation, Sunrise",2946,2946,0.0013687512469005,0.225386348345927
598,33323,999,6,Broward,Broward-33323,Fort Lauderdale,"Sunrise, Davie, Plantation",118,Broward-33323,"Fort Lauderdale, Plantation, Sunrise",2165,2165,0.00189251159781634,0.265684883187516
599,33324,1000,6,Broward,Broward-33324,Fort Lauderdale,"Davie, Plantation",119,Broward-33324,"Davie, Fort Lauderdale, Orlando, Plantation",3972,3972,0.00224255941157026,0.251541329689243
600,33325,1001,6,Broward,Broward-33325,Fort Lauderdale,"Sunrise, Davie, Plantation",120,Broward-33325,"Davie, Fort Lauderdale, Plantation, Sunrise",3181,3181,0.0022175170142873,0.220237183056861
601,33326,1002,6,Broward,Broward-33326,Fort Lauderdale,"Sunrise, Weston, Davie",121,Broward-33326,"Bonaventure, Davie, Fort Lauderdale, Sunrise, Weston",3591,3591,0.00203193896572884,0.201226676213912
602,33327,1003,6,Broward,Broward-33327,Fort Lauderdale,"Coral Springs, Sunrise, Tamarac, Weston",122,Broward-33327,"Fort Lauderdale, Orlando, Weston",2380,2380,0.00195375145017351,0.251039427626935
603,33328,1004,6,Broward,Broward-33328,Fort Lauderdale,"Cooper City, Davie",123,Broward-33328,"Cooper City, Davie, Fort Lauderdale",2537,2537,0.00214274746599585,0.229093634500398
604,33330,1005,6,Broward,Broward-33330,Fort Lauderdale,"Cooper City, Davie, Southwest Ranches, Pembroke Pines",124,Broward-33330,"Cooper City, Davie, Fort Lauderdale, Hollywood, Lauderdale Lakes, Southwest Ranches",1313,1313,0.00259772783192602,0.217892650542407
605,33331,1006,6,Broward,Broward-33331,Fort Lauderdale,"Weston, Davie, Southwest Ranches, Pembroke Pines",125,Broward-33331,"Davie, Fort Lauderdale, Southwest Ranches, Weston",2300,2300,0.00280344691691425,0.219198250683163
606,33332,1007,6,Broward,Broward-33332,Fort Lauderdale,"Weston, Southwest Ranches, Pembroke Pines",126,Broward-33332,"Fort Lauderdale, Orlando, Plantation, Southwest Ranches, University Of Central Florida, Weston",1102,1102,0.00363657619186597,0.383816148204474
607,33334,1008,6,Broward,Broward-33334,Fort Lauderdale,"Pompano Beach, Wilton Manors, Fort Lauderdale, Oakland Park",127,Broward-33334,"Fort Lauderdale, Oakland Park, Orlando, Wilton Manors",2920,2920,0.00116253093574414,0.17613956180938
608,33351,1009,6,Broward,Broward-33351,Fort Lauderdale,"Sunrise, Tamarac, Lauderhill",128,Broward-33351,"Fort Lauderdale, Lauderdale Lakes, Lauderhill, Miramar, Nicholasville, Sunrise, Tamarac",3894,3894,0.00139143168144074,0.198205155969264
609,33401,1012,50,Palm Beach,Palm Beach-33401,West Palm Beach,West Palm Beach,769,Palm Beach-33401,West Palm Beach,3220,3220,0.00170475873937903,0.204940739399182
610,33403,1013,50,Palm Beach,Palm Beach-33403,West Palm Beach,"Riviera Beach, Lake Park, North Palm Beach, Palm Beach Gardens",770,Palm Beach-33403,"Lake Park, North Palm Beach, Palm Beach Gardens, Riviera Beach, West Palm Beach",826,826,0.000843723755224346,0.173028835949267
611,33404,1014,50,Palm Beach,Palm Beach-33404,West Palm Beach,"West Palm Beach, Riviera Beach, Lake Park, North Palm Beach, Palm Beach Gardens, Palm Beach Shores",771,Palm Beach-33404,"Orlando, Palm Beach Shores, Rivera Beach, Riviera Beach, Singer Island, West Palm Beach",2479,2479,0.00206543905892431,0.30010922981214
612,33405,1015,50,Palm Beach,Palm Beach-33405,West Palm Beach,"West Palm Beach, Lake Clarke Shores, Lake Worth, Cloud Lake",772,Palm Beach-33405,West Palm Beach,1969,1969,0.00115215366531629,0.157572485404535
613,33406,1016,50,Palm Beach,Palm Beach-33406,West Palm Beach,"West Palm Beach, Palm Springs, Glen Ridge, Lake Clarke Shores, Lake Worth, Cloud Lake, Acacia Villas, Gun Club Estates, Pine Air, Royal Palm Estates, Westgate",773,Palm Beach-33406,"Cloud Lake, Glen Ridge, Lake Clarke Shores, Palm Springs, West Palm Beach",3419,3419,0.00216592836977725,0.247661155884396
614,33407,1017,50,Palm Beach,Palm Beach-33407,West Palm Beach,"West Palm Beach, Riviera Beach, Mangonia Park",774,Palm Beach-33407,"Mangonia Park, Palm Beach, Riviera Beach, West Palm Beach",3203,3203,0.00233507343591555,0.355654394167797
615,33408,1018,50,Palm Beach,Palm Beach-33408,North Palm Beach,"Riviera Beach, Jupiter, Juno Beach, Lake Park, North Palm Beach, Palm Beach Gardens, Juno Ridge",775,Palm Beach-33408,"Juno Beach, North Palm Beach, West Palm Beach",1156,1156,0.0022540469294654,0.313262262606976
616,33409,1019,50,Palm Beach,Palm Beach-33409,West Palm Beach,"West Palm Beach, Haverhill, Schall Circle, Westgate",776,Palm Beach-33409,"Haverhill, Riviera Beach, West Palm Beach",2677,2677,0.0015315974699206,0.205198835959087
617,33410,1020,50,Palm Beach,Palm Beach-33410,Palm Beach Gardens,"Riviera Beach, Jupiter, Juno Beach, North Palm Beach, Palm Beach Gardens, Cabana Colony",777,Palm Beach-33410,"North Palm Beach, Palm Beach Gardens, Riviera Beach, University Of Central Florida, West Palm Beach",2509,2509,0.00274809616621496,0.362557944868691
618,33411,1021,50,Palm Beach,Palm Beach-33411,West Palm Beach,"Loxahatchee Groves, West Palm Beach, Royal Palm Beach, Wellington, The Acreage",778,Palm Beach-33411,"Boynton Beach, Roayl Palm Beach, Royal Palm Beach, Tampa, Wellington, West Aplm Beach, West Palm Beach",5143,5143,0.0101381677486643,0.496993837593209
619,33412,1022,50,Palm Beach,Palm Beach-33412,West Palm Beach,"West Palm Beach, Palm Beach Gardens, The Acreage",779,Palm Beach-33412,"Palm Beach Gardens, Royal Palm Beach, West Palm Beach",872,872,0.0123917032763075,0.624527842484114
620,33413,1023,50,Palm Beach,Palm Beach-33413,West Palm Beach,"Wellington, Haverhill, Greenacres, Lake Belvedere Estates, Royal Palm Estates",780,Palm Beach-33413,"Green Acres, Greenacres, Orlando, West Palm Beach",1585,1585,0.0018020453248937,0.231891548371259
621,33414,1024,50,Palm Beach,Palm Beach-33414,Wellington,"Royal Palm Beach, Wellington",781,Palm Beach-33414,"Orlando, Royal Palm Beach, Village Of Wellington, Village Wellington, Wellington, West Palm Beach",3997,3997,0.00686379943317661,0.424487363261929
622,33415,1025,50,Palm Beach,Palm Beach-33415,West Palm Beach,"Palm Springs, Haverhill, Greenacres, Acacia Villas, Lake Belvedere Estates, Royal Palm Estates, Westgate",782,Palm Beach-33415,"Green Acres, Greenacres, Haverhill, Orlando, West Palm Beach",5034,5034,0.00169647075108514,0.184799933367395
623,33417,1026,50,Palm Beach,Palm Beach-33417,West Palm Beach,"West Palm Beach, Haverhill, Lake Belvedere Estates, Plantation Mobile Home Park, Schall Circle, Stacey Street",783,Palm Beach-33417,"Haverhill, West Palm Beach",2421,2421,0.00163764648573306,0.201656660153947
624,33418,1027,50,Palm Beach,Palm Beach-33418,Palm Beach Gardens,"West Palm Beach, Riviera Beach, Jupiter, Palm Beach Gardens, Jupiter Farms",784,Palm Beach-33418,"Palm Beach Gardens, Riviera Beach, West Palm Beach",2367,2367,0.011129864717077,0.538230032845395
625,33426,1028,50,Palm Beach,Palm Beach-33426,Boynton Beach,"Lantana, Boynton Beach",785,Palm Beach-33426,Boynton Beach,2128,2128,0.00138998637430632,0.215125942080183
626,33428,1030,50,Palm Beach,Palm Beach-33428,Boca Raton,Watergate,786,Palm Beach-33428,"Boca Raton, Palmetto Bay",3984,3984,0.00211528790305238,0.19562296541882
627,33430,1031,50,Palm Beach,Palm Beach-33430,Belle Glade,"South Bay, Belle Glade",787,Palm Beach-33430,Belle Glade,2184,2184,0.0339407519511497,1.58922482518431
628,33431,1032,50,Palm Beach,Palm Beach-33431,Boca Raton,"Boca Raton, Highland Beach",788,Palm Beach-33431,Boca Raton,2156,2156,0.0019693034894317,0.228460985063973
629,33432,1034,50,Palm Beach,Palm Beach-33432,Boca Raton,Boca Raton,789,Palm Beach-33432,Boca Raton,1732,1732,0.00123766033402717,0.177907647548443
630,33433,1036,50,Palm Beach,Palm Beach-33433,Boca Raton,Boca Raton,790,Palm Beach-33433,"Boca Raton, Bocaraten",3965,3965,0.00222807455315888,0.209292685270745
631,33434,1037,50,Palm Beach,Palm Beach-33434,Boca Raton,Boca Raton,791,Palm Beach-33434,"Boca Raton, University Of Central Florida",1288,1288,0.00171117296849843,0.192931590842942
632,33435,1038,50,Palm Beach,Palm Beach-33435,Boynton Beach,"Briny Breezes, Ocean Ridge, Delray Beach, Hypoluxo, Boynton Beach, San Castle",792,Palm Beach-33435,"Boynton Beach, Briny Breezes, Ocean Ridge",2927,2927,0.00164156667869975,0.261916227722484
633,33436,1039,50,Palm Beach,Palm Beach-33436,Boynton Beach,"Golf, Boynton Beach",793,Palm Beach-33436,"Boynton Beach, Village Of Golf",2846,2846,0.00280141645839649,0.266568679095094
634,33437,1040,50,Palm Beach,Palm Beach-33437,Boynton Beach,Boynton Beach,794,Palm Beach-33437,Boynton Beach,1787,1787,0.00266019898822378,0.218109251355479
635,33438,1041,43,Martin,Martin-33438,Canal Point,Canal Point,660,Martin-33438,,0,0,0.00200971028948516,0.287558334243802
636,33438,1042,50,Palm Beach,Palm Beach-33438,Canal Point,"Pahokee, Canal Point",795,Palm Beach-33438,Canal Point,94,94,0.00453779100189422,0.359469466907357
637,33440,1046,26,Hendry,Hendry-33440,Clewiston,"Clewiston, Harlem, Montura, Pioneer",395,Hendry-33440,Clewiston,2226,2226,0.135283743414902,2.18425010063855
638,33440,1047,50,Palm Beach,Palm Beach-33440,Clewiston,Lake Harbor,796,Palm Beach-33440,Clewiston,5,5,0.00541210097048861,1.52210985309443
639,33441,1048,6,Broward,Broward-33441,Deerfield Beach,"Deerfield Beach, Pompano Beach, Lighthouse Point, Hillsboro Beach, Boca Raton",129,Broward-33441,"Deerfield Beach, Pompano Beach",2647,2647,0.00115590343284566,0.175112625689649
640,33442,1050,6,Broward,Broward-33442,Deerfield Beach,"Deerfield Beach, Boca Raton",130,Broward-33442,Deerfield Beach,2597,2597,0.00182725964418751,0.196754001882126
641,33444,1052,50,Palm Beach,Palm Beach-33444,Delray Beach,"Boca Raton, Delray Beach, Boynton Beach",797,Palm Beach-33444,Delray Beach,1949,1949,0.00121589568857416,0.191607225810041
642,33445,1053,50,Palm Beach,Palm Beach-33445,Delray Beach,"Boca Raton, Delray Beach, Boynton Beach",798,Palm Beach-33445,Delray Beach,2341,2341,0.00188006293865328,0.199578714953371
643,33446,1054,50,Palm Beach,Palm Beach-33446,Delray Beach,Delray Beach,799,Palm Beach-33446,"Delray Beach, Lake Worth, West Delray Beach",1738,1738,0.00454634588459157,0.311980224911043
644,33449,1055,50,Palm Beach,Palm Beach-33449,Lake Worth,Wellington,800,Palm Beach-33449,"Lake Worth, Village Of Wellington, Wellington",668,668,0.00374117162095899,0.27667852410606
645,33455,1056,43,Martin,Martin-33455,Hobe Sound,"Jupiter Island, Hobe Sound",661,Martin-33455,"Hobe Sound, Jupiter Island, University Of Central Fl",1209,1209,0.0158029246247224,0.999467250368563
646,33458,1058,43,Martin,Martin-33458,Jupiter,Jupiter,662,Martin-33458,Jupiter,<5,-2,0.000996275168063221,0.170327166977754
647,33458,1059,50,Palm Beach,Palm Beach-33458,Jupiter,"Jupiter, Palm Beach Gardens, Limestone Creek",801,Palm Beach-33458,"Jupiter, Orlando",3862,3862,0.00399663877328749,0.290166183944566
648,33460,1060,50,Palm Beach,Palm Beach-33460,Lake Worth Beach,"Lantana, West Palm Beach, Lake Clarke Shores, Lake Worth",802,Palm Beach-33460,"Lake Worth, Lake Worth Beach",2943,2943,0.00124869587534704,0.173355519703677
649,33461,1061,50,Palm Beach,Palm Beach-33461,Lake Worth,"Lantana, Palm Springs, Atlantis, Lake Clarke Shores, Lake Worth, Greenacres, Acacia Villas, Kenwood Estates",803,Palm Beach-33461,"Lake Worth, Lake Worth Beach, Palm Springs, Village Of Palm Springs",4285,4285,0.00182321610918734,0.241153025006404
650,33462,1062,50,Palm Beach,Palm Beach-33462,Lake Worth,"Manalapan, Lantana, Atlantis, Hypoluxo, Lake Worth, South Palm Beach, Boynton Beach, Palm Beach, San Castle, Seminole Manor",804,Palm Beach-33462,"Atlantis, Hypoluxo, Lake Worth, Lantana, Manalapan",2637,2637,0.00236049257932791,0.311275857649748
651,33463,1063,50,Palm Beach,Palm Beach-33463,Lake Worth,"Atlantis, Greenacres, Kenwood Estates",805,Palm Beach-33463,"Green Acres, Greenacres, Lake Worth, Orlando, Winter Park",5289,5289,0.00254954148294928,0.258433870246153
652,33467,1064,50,Palm Beach,Palm Beach-33467,Lake Worth,"Wellington, Greenacres",806,Palm Beach-33467,"Boca Raton, Fort Mitchell, Green Acres, Greenacres, Lake Worth, North Canton, Wellington",3821,3821,0.00443450099942311,0.286753116573354
653,33469,1065,43,Martin,Martin-33469,Jupiter,"Tequesta, Jupiter Island, Hobe Sound",663,Martin-33469,"Jupiter, Tequesta",27,27,0.00202640017141675,0.265814228800913
654,33469,1066,50,Palm Beach,Palm Beach-33469,Jupiter,"Tequesta, Jupiter, Jupiter Inlet Colony",807,Palm Beach-33469,"Jupiter, Jupiter Inlet, Tequesta",860,860,0.00094701372563577,0.142257328996987
655,33470,1068,50,Palm Beach,Palm Beach-33470,Loxahatchee,"Loxahatchee Groves, Royal Palm Beach, Wellington, Palm Beach Gardens, The Acreage",808,Palm Beach-33470,"City Of Westlake, Loxahatchee, Loxahatchee Groves, Orlando, Village Of Wellington, Village Wellington, Wellington, Westlake",2102,2102,0.104386216260309,1.76227455671051
656,33471,1069,22,Glades,Glades-33471,Moore Haven,"Moore Haven, Pioneer",380,Glades-33471,Moore Haven,834,834,0.121717627436055,3.0079160380966
657,33472,1072,50,Palm Beach,Palm Beach-33472,Boynton Beach,Boynton Beach,809,Palm Beach-33472,Boynton Beach,1005,1005,0.0031311220338921,0.376380646463801
658,33473,1073,50,Palm Beach,Palm Beach-33473,Boynton Beach,Boynton Beach,810,Palm Beach-33473,Boynton Beach,482,482,0.00194611870529116,0.279074467229481
659,33476,1074,50,Palm Beach,Palm Beach-33476,Pahokee,"Pahokee, Canal Point",811,Palm Beach-33476,Pahokee,770,770,0.00470661095960168,0.403102524359572
660,33477,1075,50,Palm Beach,Palm Beach-33477,Jupiter,"Jupiter, Juno Beach, Jupiter Inlet Colony",812,Palm Beach-33477,Jupiter,583,583,0.00170919317952212,0.220056796254538
661,33478,1076,43,Martin,Martin-33478,Jupiter,Jupiter Farms,664,Martin-33478,,0,0,0.00539681131181169,0.348663999313039
662,33478,1077,50,Palm Beach,Palm Beach-33478,Jupiter,"Jupiter, Palm Beach Gardens, Jupiter Farms, The Acreage",813,Palm Beach-33478,Jupiter,754,754,0.00880898465220525,0.506895052900903
663,33480,1078,50,Palm Beach,Palm Beach-33480,Palm Beach,"Lantana, Lake Worth, South Palm Beach, Palm Beach",814,Palm Beach-33480,"Orlando, Palm Beach, South Palm Beach",541,541,0.00180094449115131,0.422961002533179
664,33483,1079,50,Palm Beach,Palm Beach-33483,Delray Beach,"Briny Breezes, Boca Raton, Delray Beach, Gulf Stream, Boynton Beach, Highland Beach",815,Palm Beach-33483,"Delray Beach, Gulf Stream",958,958,0.00102103130734577,0.219201958172937
665,33484,1080,50,Palm Beach,Palm Beach-33484,Delray Beach,Delray Beach,816,Palm Beach-33484,"Delray Beach, Palm Springs, West Delray Beach",1706,1706,0.00146800661627822,0.171670693196852
666,33486,1082,50,Palm Beach,Palm Beach-33486,Boca Raton,"Deerfield Beach, Boca Raton",817,Palm Beach-33486,"Boca Raton, Maitland",2193,2193,0.0012860215128967,0.164186615251126
667,33487,1083,50,Palm Beach,Palm Beach-33487,Boca Raton,"Boca Raton, Delray Beach, Highland Beach",818,Palm Beach-33487,"Boca Raton, Highland Beach, Lake Worth",1508,1508,0.00170853144845751,0.199018265318098
668,33493,1084,50,Palm Beach,Palm Beach-33493,South Bay,South Bay,819,Palm Beach-33493,"Orlando, South Bay",772,772,0.013131759744283,0.614067991488709
669,33496,1085,50,Palm Beach,Palm Beach-33496,Boca Raton,Boca Raton,820,Palm Beach-33496,Boca Raton,1556,1556,0.00244493717832484,0.228812690807561
670,33498,1086,50,Palm Beach,Palm Beach-33498,Boca Raton,Wellington,821,Palm Beach-33498,Boca Raton,920,920,0.00284127906297726,0.262183948070993
671,33510,1087,29,Hillsborough,Hillsborough-33510,Brandon,"Brandon, East Lake-Orient Park, Mango, Seffner",421,Hillsborough-33510,"Brandon, Tampa",1879,1879,0.00198343121542166,0.225463902327245
672,33511,1088,29,Hillsborough,Hillsborough-33511,Brandon,"Bloomingdale, Brandon, Riverview",422,Hillsborough-33511,"Brandon, Maitland, Orlando, Seffenner",4213,4213,0.00376822792054554,0.356260008221107
673,33513,1091,60,Sumter,Sumter-33513,Bushnell,"Bushnell, Istachatta, Nobleton",1041,Sumter-33513,Bushnell,841,841,0.0264924263201465,0.904360171328008
674,33514,1093,60,Sumter,Sumter-33514,Center Hill,"Center Hill, Wildwood",1042,Sumter-33514,Center Hill,149,149,0.00685637021933871,0.514076950802485
675,33523,1094,27,Hernando,Hernando-33523,Dade City,"Lacoochee, Ridge Manor",399,Hernando-33523,Dade City,9,9,0.00197773032641635,0.454362025943562
676,33523,1095,51,Pasco,Pasco-33523,Dade City,"Dade City, Dade City North, Lacoochee, Trilby",825,Pasco-33523,"Dade City, Ridge Manor",1128,1128,0.0234428861735978,1.17944056442963
677,33525,1097,51,Pasco,Pasco-33525,Dade City,"St. Leo, San Antonio, Dade City, Connerton, Dade City North, Pasadena Hills",826,Pasco-33525,"Dade City, Wesley Chapel",1466,1466,0.0282878952871215,1.37228444799194
678,33527,1100,29,Hillsborough,Hillsborough-33527,Dover,"Brandon, Dover, Fish Hawk, Thonotosassa, Valrico",423,Hillsborough-33527,Dover,1254,1254,0.00714454011472299,0.613830572990968
679,33534,1101,29,Hillsborough,Hillsborough-33534,Gibsonton,"Apollo Beach, Gibsonton, Riverview",424,Hillsborough-33534,Gibsonton,1271,1271,0.00343714764312608,0.571576768919493
680,33538,1104,60,Sumter,Sumter-33538,Lake Panasoffkee,"Bushnell, Lake Panasoffkee",1043,Sumter-33538,Lake Panasoffkee,248,248,0.019018136369823,0.903262398098881
681,33540,1105,29,Hillsborough,Hillsborough-33540,Zephyrhills,Crystal Springs,425,Hillsborough-33540,,0,0,0.000970223750300647,0.266733739604111
682,33540,1106,51,Pasco,Pasco-33540,Zephyrhills,"Zephyrhills, Crystal Springs, Pasadena Hills, Zephyrhills North, Zephyrhills South",827,Pasco-33540,Zephyrhills,525,525,0.00807698224593878,0.596229736232401
683,33541,1109,51,Pasco,Pasco-33541,Zephyrhills,"Zephyrhills, Pasadena Hills, Wesley Chapel, Zephyrhills South, Zephyrhills West",828,Pasco-33541,"8852 Teacher Ln, Zephyrhills",1419,1419,0.00494221033932263,0.470436125046949
684,33542,1110,51,Pasco,Pasco-33542,Zephyrhills,"Zephyrhills, Pasadena Hills, Zephyrhills North, Zephyrhills South, Zephyrhills West",829,Pasco-33542,"Wesley Chapel, Zephyrhills",1181,1181,0.00258368303093448,0.262083124011352
685,33543,1112,51,Pasco,Pasco-33543,Wesley Chapel,"Tampa, Pasadena Hills, Wesley Chapel",830,Pasco-33543,"Maitland, Orlando, Wesley Chapel, Zephyrhills",1999,1999,0.0062854929265086,0.344011054382517
686,33544,1114,51,Pasco,Pasco-33544,Wesley Chapel,"Tampa, Wesley Chapel",831,Pasco-33544,"Maitland, Wesley Chapel, Zephyrhills",1597,1597,0.00688227050568457,0.522402697642861
687,33545,1115,51,Pasco,Pasco-33545,Wesley Chapel,"Pasadena Hills, Wesley Chapel",832,Pasco-33545,"Innovation, Wesley Chapel, Zephyrhills",1267,1267,0.00642850967074082,0.40679593135832
688,33547,1116,29,Hillsborough,Hillsborough-33547,Lithia,"Bloomingdale, Fish Hawk, Riverview, Valrico",426,Hillsborough-33547,Lithia,1494,1494,0.0366629701620695,1.08037457872159
689,33547,1118,53,Polk,Polk-33547,Lithia,Mulberry,901,Polk-33547,,0,0,0.00098091566360381,0.485713320367228
690,33548,1119,29,Hillsborough,Hillsborough-33548,Lutz,"Cheval, Lake Magdalene, Lutz, Northdale",427,Hillsborough-33548,"Lutz, Orlando",484,484,0.00189532142303506,0.281353597287953
691,33548,1120,51,Pasco,Pasco-33548,Lutz,"Land O' Lakes, Lutz",833,Pasco-33548,Lutz,<5,-2,7.8376464671237E-05,0.0504614752815989
692,33549,1121,29,Hillsborough,Hillsborough-33549,Lutz,"Lake Magdalene, Land O' Lakes, Lutz, University",428,Hillsborough-33549,"Lutz, Sun City Center, Tampa",933,933,0.00264702399840644,0.27531704426181
693,33549,1122,51,Pasco,Pasco-33549,Lutz,"Land O' Lakes, Lutz",834,Pasco-33549,Lutz,49,49,0.000586488508815819,0.108927577219061
694,33556,1123,29,Hillsborough,Hillsborough-33556,Odessa,"Citrus Park, East Lake, Keystone, Northdale, Odessa, Trinity, Westchase",429,Hillsborough-33556,"Odessa, Tampa",1798,1798,0.00866548903150033,0.446365652265158
695,33556,1124,51,Pasco,Pasco-33556,Odessa,"Keystone, Odessa, Trinity",835,Pasco-33556,"New Port Richey, Odessa",149,149,0.002145985531115,0.329076818942188
696,33558,1126,29,Hillsborough,Hillsborough-33558,Lutz,"Cheval, Citrus Park, Keystone, Lutz, Northdale, Odessa",430,Hillsborough-33558,Lutz,1613,1613,0.00322780286023772,0.330449467812507
697,33558,1127,51,Pasco,Pasco-33558,Lutz,"Keystone, Land O' Lakes, Lutz, Odessa",836,Pasco-33558,Lutz,35,35,0.00155926247498428,0.185693088587501
698,33559,1128,29,Hillsborough,Hillsborough-33559,Lutz,"Tampa, Land O' Lakes, Lutz, University, Wesley Chapel",431,Hillsborough-33559,Lutz,859,859,0.0018252935176406,0.265547594421807
699,33559,1129,51,Pasco,Pasco-33559,Lutz,"Land O' Lakes, Lutz, Wesley Chapel",837,Pasco-33559,Lutz,37,37,0.00122119550019306,0.199342640517673
700,33563,1130,29,Hillsborough,Hillsborough-33563,Plant City,Plant City,432,Hillsborough-33563,Plant City,2246,2246,0.00316056477254278,0.363742129058824
701,33565,1131,29,Hillsborough,Hillsborough-33565,Plant City,"Plant City, Crystal Springs, Thonotosassa",433,Hillsborough-33565,"Plant City, Tampa",1005,1005,0.0193036942541767,1.02827422041247
702,33566,1134,29,Hillsborough,Hillsborough-33566,Plant City,"Lakeland, Plant City, Dover",434,Hillsborough-33566,Plant City,1684,1684,0.00644950309879277,0.634223331569211
703,33567,1135,29,Hillsborough,Hillsborough-33567,Plant City,"Plant City, Fish Hawk",435,Hillsborough-33567,Plant City,842,842,0.0109559137795259,0.549464339854548
704,33569,1136,29,Hillsborough,Hillsborough-33569,Riverview,"Bloomingdale, Fish Hawk, Riverview",436,Hillsborough-33569,"Orlando, Riverview",1685,1685,0.00340785307071201,0.335106513507893
705,33570,1137,29,Hillsborough,Hillsborough-33570,Ruskin,"Apollo Beach, Ruskin, Sun City Center",437,Hillsborough-33570,"Apollo Beach, Maitland, Ruskin",2506,2506,0.0117673500490127,1.85977780993774
706,33572,1140,29,Hillsborough,Hillsborough-33572,Apollo Beach,"Apollo Beach, Gibsonton, Riverview, Ruskin",438,Hillsborough-33572,"Apollo Beach, Apopka, Ruskin",1271,1271,0.00276880243268351,0.792296727450473
707,33573,1141,29,Hillsborough,Hillsborough-33573,Sun City Center,"Apollo Beach, Riverview, Ruskin, Sun City Center",439,Hillsborough-33573,"Ruskin, Sun City Center, Tampa",1660,1660,0.00438005430601152,0.339824505428398
708,33576,1142,51,Pasco,Pasco-33576,San Antonio,"St. Leo, San Antonio, Pasadena Hills",838,Pasco-33576,"Innovation, San Antonio",255,255,0.00483804775899443,0.536639200392085
709,33578,1143,29,Hillsborough,Hillsborough-33578,Riverview,"Apollo Beach, Bloomingdale, Brandon, Gibsonton, Palm River-Clair Mel, Progress Village, Riverview",440,Hillsborough-33578,"Riverview, Tampa",3862,3862,0.00472903570744165,0.58349388117814
710,33579,1144,29,Hillsborough,Hillsborough-33579,Riverview,"Apollo Beach, Balm, Fish Hawk, Riverview",441,Hillsborough-33579,"Riverview, Sun City Center",2548,2548,0.00512249422513378,0.333059662637838
711,33584,1145,29,Hillsborough,Hillsborough-33584,Seffner,"Brandon, East Lake-Orient Park, Mango, Seffner, Thonotosassa",442,Hillsborough-33584,Seffner,1650,1650,0.00495358418015712,0.48362213224106
712,33585,1147,60,Sumter,Sumter-33585,Sumterville,"Bushnell, Wildwood, Coleman, The Villages",1044,Sumter-33585,Sumterville,124,124,0.0108053882820514,0.696069051358285
713,33592,1148,29,Hillsborough,Hillsborough-33592,Thonotosassa,"Tampa, Thonotosassa, Wesley Chapel",443,Hillsborough-33592,"Plant City, Thonotosassa",676,676,0.0120874493350129,0.723210085692459
714,33594,1149,29,Hillsborough,Hillsborough-33594,Valrico,"Brandon, Valrico",444,Hillsborough-33594,"Orlando, Valrico",2115,2115,0.00228243040555753,0.235142795073149
715,33596,1150,29,Hillsborough,Hillsborough-33596,Valrico,"Bloomingdale, Brandon, Fish Hawk, Riverview, Valrico",445,Hillsborough-33596,"Maitland, Orlando, Valrico",1566,1566,0.00344462007387847,0.318575273831953
716,33597,1151,27,Hernando,Hernando-33597,Webster,"Lacoochee, Ridge Manor",400,Hernando-33597,Webster,15,15,0.00894874953542057,0.639148312764343
717,33597,1153,51,Pasco,Pasco-33597,Webster,Lacoochee,839,Pasco-33597,Webster,<5,-2,0.00305876806123706,0.511185981544316
718,33597,1155,60,Sumter,Sumter-33597,Webster,"Center Hill, Bushnell, Webster",1045,Sumter-33597,"Ridge Manor Estates, Webster",352,352,0.039716653960113,1.28736549586594
719,33598,1156,29,Hillsborough,Hillsborough-33598,Wimauma,"Apollo Beach, Balm, Riverview, Ruskin, Sun City Center, Wimauma",446,Hillsborough-33598,Wimauma,2073,2073,0.0205936303575527,0.907330849612932
720,33598,1157,41,Manatee,Manatee-33598,Wimauma,Wimauma,608,Manatee-33598,Wimauma,<5,-2,0.00370125007088973,0.532459428706714
721,33602,1158,29,Hillsborough,Hillsborough-33602,Tampa,Tampa,447,Hillsborough-33602,"Orlando, Tampa, Winter Garden",1725,1725,0.000704130445228657,0.177113313375929
722,33603,1159,29,Hillsborough,Hillsborough-33603,Tampa,"Tampa, Egypt Lake-Leto",448,Hillsborough-33603,"Orlando, Tampa",1537,1537,0.000995957545683268,0.156141436514482
723,33604,1160,29,Hillsborough,Hillsborough-33604,Tampa,"Tampa, Egypt Lake-Leto",449,Hillsborough-33604,"Orlando, Tampa",2658,2658,0.00182547359099772,0.247817477274891
724,33605,1161,29,Hillsborough,Hillsborough-33605,Tampa,Tampa,450,Hillsborough-33605,"Tampa, Ybor City",1453,1453,0.00241900657920269,0.280738457871021
725,33606,1162,29,Hillsborough,Hillsborough-33606,Tampa,Tampa,451,Hillsborough-33606,"Orlando, Tampa, University Of Tampa, Windermere",2261,2261,0.000806936368235256,0.261132429174365
726,33607,1163,29,Hillsborough,Hillsborough-33607,Tampa,Tampa,452,Hillsborough-33607,"Orlando, Rocky Point, Tampa",3206,3206,0.00236432960173261,0.564053118290828
727,33609,1164,29,Hillsborough,Hillsborough-33609,Tampa,Tampa,453,Hillsborough-33609,Tampa,1553,1553,0.00100340969152057,0.255147678594843
728,33610,1165,29,Hillsborough,Hillsborough-33610,Tampa,"Tampa, East Lake-Orient Park, Mango, Thonotosassa",454,Hillsborough-33610,Tampa,3426,3426,0.00452544556287648,0.426491943932967
729,33611,1166,29,Hillsborough,Hillsborough-33611,Tampa,Tampa,455,Hillsborough-33611,"Tampa, University Of Central Fl, University Of Central Florida",2395,2395,0.00157386081400546,0.299310457356375
730,33612,1167,29,Hillsborough,Hillsborough-33612,Tampa,"Tampa, Carrollwood, Lake Magdalene, University",456,Hillsborough-33612,"Maitland, Orlando, Tampa",3442,3442,0.0024469065174344,0.262741351476242
731,33613,1168,29,Hillsborough,Hillsborough-33613,Tampa,"Tampa, Lake Magdalene, Lutz, University",457,Hillsborough-33613,"Orlando, Tampa",3164,3164,0.00181776960903335,0.372622244035237
732,33614,1169,29,Hillsborough,Hillsborough-33614,Tampa,"Tampa, Carrollwood, Egypt Lake-Leto, Town 'n' Country",458,Hillsborough-33614,"Orlando, Tampa",5481,5481,0.00241104209612786,0.225082137859634
733,33615,1170,29,Hillsborough,Hillsborough-33615,Tampa,"Tampa, Citrus Park, Town 'n' Country",459,Hillsborough-33615,"Rocky Point, Tampa, Town N Country, University Of Central Fl",4456,4456,0.00244553225024902,0.401597284818914
734,33616,1171,29,Hillsborough,Hillsborough-33616,Tampa,Tampa,460,Hillsborough-33616,Tampa,1074,1074,0.000936121512268073,0.312049598485515
735,33617,1172,29,Hillsborough,Hillsborough-33617,Tampa,"Tampa, Temple Terrace, East Lake-Orient Park",461,Hillsborough-33617,"Tampa, Temple Terrace",2740,2740,0.0024545526350721,0.288051024812679
736,33618,1173,29,Hillsborough,Hillsborough-33618,Tampa,"Tampa, Carrollwood, Egypt Lake-Leto, Lake Magdalene, Lutz, Northdale",462,Hillsborough-33618,"Carrollwood, Tampa",1833,1833,0.00225378527125031,0.332295392087489
737,33619,1174,29,Hillsborough,Hillsborough-33619,Tampa,"Tampa, Brandon, East Lake-Orient Park, Palm River-Clair Mel, Progress Village",463,Hillsborough-33619,"Clair-mel City, Orlando, Tampa",3456,3456,0.00784301135649912,0.62562695966854
738,33620,1175,29,Hillsborough,Hillsborough-33620,Tampa,Tampa,464,Hillsborough-33620,"Tampa, University Of South Florida",357,357,0.000225440489202811,0.0861733579107131
739,33621,1176,29,Hillsborough,Hillsborough-33621,Tampa,Tampa,465,Hillsborough-33621,Tampa,84,84,0.00208985935682904,0.220425883851558
740,33624,1177,29,Hillsborough,Hillsborough-33624,Tampa,"Carrollwood, Citrus Park, Egypt Lake-Leto, Northdale",466,Hillsborough-33624,"Northdale, Orlando, Tampa, University Of Central Fl",2751,2751,0.00230129777264665,0.295710037964976
741,33625,1178,29,Hillsborough,Hillsborough-33625,Tampa,"Carrollwood, Citrus Park, Keystone, Northdale, Town 'n' Country, Westchase",467,Hillsborough-33625,"Carrollwood, Gibsonton, Lutz, Tampa",2210,2210,0.00224201134506075,0.221751949805343
742,33626,1179,29,Hillsborough,Hillsborough-33626,Tampa,"Oldsmar, Citrus Park, East Lake, Keystone, Town 'n' Country, Westchase",468,Hillsborough-33626,"Northdale, Orlando, Tampa, University Of Central Fl, Westchase",1804,1804,0.00312580883246483,0.259778360089343
743,33629,1181,29,Hillsborough,Hillsborough-33629,Tampa,Tampa,469,Hillsborough-33629,"Palma Ceia, Tampa, University Of Central Fl",1913,1913,0.00112392032838216,0.30598731962067
744,33634,1182,29,Hillsborough,Hillsborough-33634,Tampa,"Tampa, Carrollwood, Citrus Park, Egypt Lake-Leto, Town 'n' Country",470,Hillsborough-33634,"Rocky Point, Tampa",2100,2100,0.00206050668225544,0.309062808344415
745,33635,1183,29,Hillsborough,Hillsborough-33635,Tampa,"Oldsmar, Citrus Park, Town 'n' Country, Westchase",471,Hillsborough-33635,Tampa,1217,1217,0.00161943855641766,0.442570794938862
746,33637,1184,29,Hillsborough,Hillsborough-33637,Tampa,"Tampa, Temple Terrace, East Lake-Orient Park, Thonotosassa",472,Hillsborough-33637,"Tampa, Temple Terrace",1102,1102,0.00182969756042439,0.260351334026074
747,33647,1185,29,Hillsborough,Hillsborough-33647,Tampa,"Tampa, Lutz, Pebble Creek, University, Wesley Chapel",473,Hillsborough-33647,"Maitland, Orlando, Tampa, Tampa Palms, Thonotosassa, University Of Central Fl",3472,3472,0.00955228435077515,0.532422602981701
748,33701,1187,52,Pinellas,Pinellas-33701,Saint Petersburg,St. Petersburg,854,Pinellas-33701,Saint Petersburg,1847,1847,0.0006234255979507,0.206210836179878
749,33702,1188,52,Pinellas,Pinellas-33702,Saint Petersburg,"Pinellas Park, St. Petersburg, Lealman",855,Pinellas-33702,"Lealman, Orlando, Saint Petersburg",1971,1971,0.0024795197352887,0.853885188232675
750,33703,1189,52,Pinellas,Pinellas-33703,Saint Petersburg,"St. Petersburg, Lealman",856,Pinellas-33703,"Orlando, Saint Petersburg",1558,1558,0.00122342594886504,0.52419233613162
751,33704,1190,52,Pinellas,Pinellas-33704,Saint Petersburg,St. Petersburg,857,Pinellas-33704,"Saint Petersburg, University Of Central Florida",896,896,0.000823336765279237,0.300408722169847
752,33705,1191,52,Pinellas,Pinellas-33705,Saint Petersburg,St. Petersburg,858,Pinellas-33705,Saint Petersburg,2473,2473,0.00153688994510048,0.422992099904277
753,33706,1192,52,Pinellas,Pinellas-33706,Saint Petersburg,"Madeira Beach, St. Pete Beach, South Pasadena, Treasure Island, St. Petersburg",859,Pinellas-33706,"Pass-a-grille, Pass-a-grille Beach, Saint Pete Beach, Saint Petersburg, Treasure Island",967,967,0.000895113993692576,0.88176949686295
754,33707,1193,52,Pinellas,Pinellas-33707,Saint Petersburg,"Gulfport, St. Pete Beach, South Pasadena, Treasure Island, St. Petersburg, Bear Creek",860,Pinellas-33707,"Gulfport, Pasadena, Saint Pete Beach, Saint Petersburg, South Pasadena",1584,1584,0.00128605394320402,0.484527392623651
755,33708,1194,52,Pinellas,Pinellas-33708,Saint Petersburg,"Indian Shores, Madeira Beach, North Redington Beach, Redington Shores, Redington Beach, Seminole, Bay Pines",861,Pinellas-33708,"Johns Pass Village, Madeira Beach, North Redington Beach, Redington Beach, Redington Shores, Saint Petersburg",886,886,0.000997496717218382,0.730110784160048
756,33709,1195,52,Pinellas,Pinellas-33709,Saint Petersburg,"Kenneth City, Pinellas Park, St. Petersburg, Seminole, Lealman, West Lealman",862,Pinellas-33709,"Kenneth City, Orlando, Saint Petersburg",1707,1707,0.00127416417103632,0.221346282045722
757,33710,1196,52,Pinellas,Pinellas-33710,Saint Petersburg,"St. Petersburg, West Lealman",863,Pinellas-33710,"Largo, Saint Petersburg",2191,2191,0.00188537309554704,0.188594850405266
758,33711,1198,52,Pinellas,Pinellas-33711,Saint Petersburg,"Gulfport, St. Petersburg",864,Pinellas-33711,"Gulfport, Saint Petersburg",1449,1449,0.00120331356333736,0.484367841528821
759,33712,1199,52,Pinellas,Pinellas-33712,Saint Petersburg,St. Petersburg,865,Pinellas-33712,Saint Petersburg,2082,2082,0.00155044442135477,0.228751491509229
760,33713,1200,52,Pinellas,Pinellas-33713,Saint Petersburg,"St. Petersburg, Lealman",866,Pinellas-33713,"Orlando, Saint Petersburg",2019,2019,0.00159495533057452,0.165886709466007
761,33714,1201,52,Pinellas,Pinellas-33714,Saint Petersburg,"Pinellas Park, St. Petersburg, Lealman",867,Pinellas-33714,"Lealman, Saint Petersburg",1152,1152,0.000967834104585563,0.136140140310091
762,33715,1203,52,Pinellas,Pinellas-33715,Saint Petersburg,"St. Pete Beach, St. Petersburg, Tierra Verde",868,Pinellas-33715,"Saint Petersburg, Tierra Verde",426,426,0.00103592826212662,0.917349631911154
763,33716,1204,52,Pinellas,Pinellas-33716,Saint Petersburg,"Pinellas Park, St. Petersburg",869,Pinellas-33716,"Orlando, Saint Petersburg",1440,1440,0.00188900069633746,0.332084654515927
764,33755,1205,52,Pinellas,Pinellas-33755,Clearwater,"Clearwater, Dunedin",870,Pinellas-33755,Clearwater,1928,1928,0.0012331975883626,0.166528448193097
765,33756,1206,52,Pinellas,Pinellas-33756,Clearwater,"Belleair, Belleair Bluffs, Clearwater, Largo",871,Pinellas-33756,"Belleair, Clearwater, Orlando",2961,2961,0.00178178552710051,0.269222883880816
766,33759,1208,52,Pinellas,Pinellas-33759,Clearwater,"Clearwater, Safety Harbor",872,Pinellas-33759,Clearwater,1223,1223,0.00141206561738727,0.347325002629999
767,33760,1209,52,Pinellas,Pinellas-33760,Clearwater,"Clearwater, Pinellas Park, Largo, Feather Sound, South Highpoint",873,Pinellas-33760,"Clearwater, Orlando",1151,1151,0.00135491675405319,0.193040539560818
768,33761,1210,52,Pinellas,Pinellas-33761,Clearwater,"Clearwater, Safety Harbor, Dunedin, Palm Harbor",874,Pinellas-33761,Clearwater,1011,1011,0.00111006946326597,0.135954471491278
769,33762,1211,52,Pinellas,Pinellas-33762,Clearwater,"Pinellas Park, Largo, St. Petersburg, Feather Sound",875,Pinellas-33762,"Clearwater, Orlando",493,493,0.00173851669023861,0.383895646429598
770,33763,1212,52,Pinellas,Pinellas-33763,Clearwater,"Clearwater, Dunedin, Greenbriar",876,Pinellas-33763,Clearwater,960,960,0.000849745025334414,0.168268043585972
771,33764,1213,52,Pinellas,Pinellas-33764,Clearwater,"Clearwater, Largo, South Highpoint",877,Pinellas-33764,"Clearwater, Orlando",1752,1752,0.0016908129807689,0.350824805367053
772,33765,1214,52,Pinellas,Pinellas-33765,Clearwater,Clearwater,878,Pinellas-33765,Clearwater,1058,1058,0.000980829393029126,0.138171176709612
773,33767,1215,52,Pinellas,Pinellas-33767,Clearwater Beach,"Clearwater, Dunedin",879,Pinellas-33767,"Clearwater, Clearwater Beach",542,542,0.000492120988155875,0.505164410458293
774,33770,1216,52,Pinellas,Pinellas-33770,Largo,"Belleair, Belleair Bluffs, Largo, Harbor Bluffs, Ridgecrest",880,Pinellas-33770,"Belleair Bluffs, Largo",1525,1525,0.00119754755769463,0.270170392300909
775,33771,1217,52,Pinellas,Pinellas-33771,Largo,"Pinellas Park, Largo",881,Pinellas-33771,Largo,1881,1881,0.00137713884691948,0.22680440723006
776,33772,1218,52,Pinellas,Pinellas-33772,Seminole,"Seminole, Bay Pines",882,Pinellas-33772,"Seminole, University Of Central Florida",1428,1428,0.00133634917324343,0.207969236698612
777,33773,1219,52,Pinellas,Pinellas-33773,Largo,"Pinellas Park, Largo, Bardmoor",883,Pinellas-33773,Largo,1293,1293,0.00154925384276794,0.203289849056466
778,33774,1220,52,Pinellas,Pinellas-33774,Largo,"Indian Rocks Beach, Indian Shores, Largo, Seminole, Harbor Bluffs, Ridgecrest",884,Pinellas-33774,"Largo, Orlando",1100,1100,0.00120430738547839,0.189767834086654
779,33776,1221,52,Pinellas,Pinellas-33776,Seminole,"Indian Shores, Redington Shores, Seminole",885,Pinellas-33776,"Largo, Seminole",787,787,0.000890619048050212,0.181839101540559
780,33777,1222,52,Pinellas,Pinellas-33777,Seminole,"Pinellas Park, Seminole, Bardmoor",886,Pinellas-33777,"Largo, Seminole",1263,1263,0.00138951244298369,0.212584350697034
781,33778,1223,52,Pinellas,Pinellas-33778,Largo,"Largo, Seminole, Ridgecrest",887,Pinellas-33778,"Largo, Seminole",1004,1004,0.000822745776531519,0.164136880846172
782,33781,1224,52,Pinellas,Pinellas-33781,Pinellas Park,"Pinellas Park, Bardmoor, Lealman, West Lealman",888,Pinellas-33781,Pinellas Park,1678,1678,0.00154055198845526,0.231944781622422
783,33782,1225,52,Pinellas,Pinellas-33782,Pinellas Park,"Pinellas Park, St. Petersburg, Bardmoor",889,Pinellas-33782,"Orlando, Pinellas Park",1490,1490,0.00139590805451917,0.232136773381
784,33785,1226,52,Pinellas,Pinellas-33785,Indian Rocks Beach,"Belleair Beach, Belleair Shore, Indian Rocks Beach, Indian Shores, Largo",890,Pinellas-33785,"Indian Rock Beach, Indian Rocks Beach, Indian Shores",298,298,0.000327836975202445,0.306355337414093
785,33786,1227,52,Pinellas,Pinellas-33786,Belleair Beach,"Belleair Beach, Belleair Shore, Clearwater, Indian Rocks Beach",891,Pinellas-33786,Belleair Beach,100,100,0.000127410076402157,0.151415724060785
786,33801,1228,53,Polk,Polk-33801,Lakeland,"Lakeland, Combee Settlement, Crystal Lake, Fussels Corner",902,Polk-33801,"Lakeland, Orlando, Thorofare",2204,2204,0.00454300235264782,0.365500152429358
787,33803,1229,53,Polk,Polk-33803,Lakeland,"Lakeland, Highland City",903,Polk-33803,Lakeland,1881,1881,0.00355209435815596,0.429764214475859
788,33805,1230,53,Polk,Polk-33805,Lakeland,"Lakeland, Combee Settlement",904,Polk-33805,"Gibsonia, Lakeland, Orlando, Syracuse",2457,2457,0.00514155334826683,0.428010000609212
789,33809,1232,53,Polk,Polk-33809,Lakeland,"Lakeland, Polk City",905,Polk-33809,Lakeland,2285,2285,0.0218492943906767,0.871790143507376
790,33810,1234,29,Hillsborough,Hillsborough-33810,Lakeland,"Lakeland, Kathleen",474,Hillsborough-33810,Lakeland,<5,-2,0.00277538499631191,0.355467503727602
791,33810,1235,53,Polk,Polk-33810,Lakeland,"Lakeland, Kathleen",906,Polk-33810,Lakeland,3602,3602,0.0108522899008676,0.500427299161121
792,33811,1237,53,Polk,Polk-33811,Lakeland,"Lakeland, Plant City, Fuller Heights, Medulla, Willow Oak",907,Polk-33811,Lakeland,1728,1728,0.00664598429511898,0.322255465912346
793,33812,1238,53,Polk,Polk-33812,Lakeland,"Lakeland, Highland City, Lakeland Highlands",908,Polk-33812,Lakeland,1075,1075,0.00288669855785884,0.280830459086335
794,33813,1239,53,Polk,Polk-33813,Lakeland,"Lakeland, Bartow, Mulberry, Highland City, Lakeland Highlands, Medulla",909,Polk-33813,Lakeland,2605,2605,0.00688568929649591,0.544788416482819
795,33815,1241,53,Polk,Polk-33815,Lakeland,"Lakeland, Plant City",910,Polk-33815,"Lakeland, Windermere",1101,1101,0.00186730920495393,0.284357028703148
796,33823,1242,53,Polk,Polk-33823,Auburndale,"Lakeland, Lake Alfred, Winter Haven, Auburndale, Fussels Corner, Inwood, Jan Phyl Village",911,Polk-33823,"Auburndale, Aurburndale, Maitland, Orlando",2427,2427,0.0124370498817825,0.605990939623975
797,33825,1243,25,Hardee,Hardee-33825,Avon Park,Avon Park,390,Hardee-33825,,0,0,0.00198048673064477,0.251073554882634
798,33825,1244,28,Highlands,Highlands-33825,Avon Park,Avon Park,411,Highlands-33825,Avon Park,1773,1773,0.0423127230278624,1.19132194585567
799,33825,1246,53,Polk,Polk-33825,Avon Park,Frostproof,912,Polk-33825,Avon Park,72,72,0.00141272119026326,0.500842112818147
800,33827,1247,53,Polk,Polk-33827,Babson Park,"Frostproof, Hillcrest Heights, Babson Park",913,Polk-33827,Babson Park,171,171,0.00437914345548052,0.490989030934006
801,33830,1248,53,Polk,Polk-33830,Bartow,"Bartow, Fort Meade, Mulberry, Eagle Lake, Winter Haven, Alturas, Highland City, Homeland",914,Polk-33830,"Bartow, Lakeland",2600,2600,0.0368543318363663,1.37066426869267
802,33834,1249,25,Hardee,Hardee-33834,Bowling Green,"Bowling Green, Fort Green, Fort Green Springs",391,Hardee-33834,Bowling Green,644,644,0.0176204526462698,0.894320761347478
803,33834,1252,53,Polk,Polk-33834,Bowling Green,Bowling Green,915,Polk-33834,Bowling Green,<5,-2,0.0109971344154474,1.05453054076789
804,33837,1254,53,Polk,Polk-33837,Davenport,"Haines City, Davenport, Loughman, Poinciana",916,Polk-33837,"Davenport, Eatonville, Maitland, Orlando",3034,3034,0.0154848756856154,0.699420785380169
805,33838,1255,53,Polk,Polk-33838,Dundee,"Dundee, Lake Hamilton, Winter Haven, Waverly",917,Polk-33838,"Davenport, Dundee",390,390,0.00176941333097602,0.328485667495325
806,33839,1256,53,Polk,Polk-33839,Eagle Lake,"Eagle Lake, Winter Haven, Wahneta",918,Polk-33839,Eagle Lake,351,351,0.000805167210501168,0.189471964258369
807,33841,1259,53,Polk,Polk-33841,Fort Meade,"Bartow, Fort Meade, Alturas, Bradley Junction, Brewster",919,Polk-33841,Fort Meade,717,717,0.0461532728313614,1.40122611900562
808,33843,1262,53,Polk,Polk-33843,Frostproof,Frostproof,920,Polk-33843,"Frostproof, Orlando",862,862,0.063031235155222,1.77961307592374
809,33844,1264,53,Polk,Polk-33844,Haines City,"Dundee, Lake Alfred, Lake Hamilton, Winter Haven, Haines City, Davenport, Grenelefe, Poinciana",921,Polk-33844,"Haines City, Orlando",3843,3843,0.0246337432554355,1.41669384752798
810,33849,1267,53,Polk,Polk-33849,Kathleen,Kathleen,922,Polk-33849,Kathleen,76,76,0.00614282248898235,0.329354115212305
811,33850,1268,53,Polk,Polk-33850,Lake Alfred,"Lake Alfred, Winter Haven, Auburndale",923,Polk-33850,Lake Alfred,606,606,0.00482597759469172,0.478281827850998
812,33852,1272,28,Highlands,Highlands-33852,Lake Placid,Lake Placid,412,Highlands-33852,Lake Placid,1288,1288,0.0764948124042348,1.98522259651246
813,33853,1273,53,Polk,Polk-33853,Lake Wales,Lake Wales,924,Polk-33853,"Lake Wales, Orlando",933,933,0.00220162835330484,0.249331689248279
814,33854,1274,53,Polk,Polk-33854,Lakeshore,Lakeshore,925,Polk-33854,"Lake Wales, Lakeshore",29,29,4.06370775181131E-05,0.0233827481854701
815,33855,1275,53,Polk,Polk-33855,Indian Lake Estates,Indian Lake Estates,926,Polk-33855,Indian Lake Estates,25,25,0.00243918617502459,0.225509032575277
816,33856,1276,53,Polk,Polk-33856,Nalcrest,Nalcrest,927,Polk-33856,"Lake Wales, Nalcrest",20,20,3.91416342608863E-05,0.0302211598312252
817,33857,1278,28,Highlands,Highlands-33857,Lorida,Lorida,413,Highlands-33857,Lorida,80,80,0.0445167158229651,1.83662691067988
818,33859,1280,53,Polk,Polk-33859,Lake Wales,"Lake Wales, Dundee, Winter Haven, Highland Park, Alturas, Crooked Lake Park, Waverly",928,Polk-33859,"Lake Wales, Winter Park",556,556,0.0135920368390998,1.11276720205209
819,33860,1282,53,Polk,Polk-33860,Mulberry,"Mulberry, Bradley Junction, Brewster, Fuller Heights, Lakeland Highlands, Medulla, Willow Oak",929,Polk-33860,Mulberry,1784,1784,0.0219265584532877,0.964772910770113
820,33865,1284,25,Hardee,Hardee-33865,Ona,"Limestone, Ona",392,Hardee-33865,Ona,51,51,0.0400831485801518,1.00352626184286
821,33867,1287,53,Polk,Polk-33867,River Ranch,River Ranch,930,Polk-33867,"Lake Wales, River Ranch",6,6,0.000650660745804998,0.113917825242177
822,33868,1289,53,Polk,Polk-33868,Polk City,"Lakeland, Lake Alfred, Polk City, Auburndale",931,Polk-33868,Polk City,841,841,0.0414417383524324,1.15624833799918
823,33870,1291,28,Highlands,Highlands-33870,Sebring,Sebring,414,Highlands-33870,Sebring,1910,1910,0.0183314836217505,1.11288544813978
824,33872,1293,28,Highlands,Highlands-33872,Sebring,Sebring,415,Highlands-33872,Sebring,898,898,0.00546429039718532,0.420525489993891
825,33873,1294,25,Hardee,Hardee-33873,Wauchula,"Zolfo Springs, Wauchula, Fort Green Springs, Lemon Grove, Ona",393,Hardee-33873,Wauchula,1589,1589,0.0335415369461316,1.31073928373371
826,33875,1297,28,Highlands,Highlands-33875,Sebring,Sebring,416,Highlands-33875,Sebring,617,617,0.0137589244220635,0.70921009217879
827,33876,1298,28,Highlands,Highlands-33876,Sebring,Sebring,417,Highlands-33876,"Orlando, Sebring",300,300,0.00910116169916364,0.579732738693445
828,33880,1299,53,Polk,Polk-33880,Winter Haven,"Bartow, Eagle Lake, Winter Haven, Auburndale, Alturas, Cypress Gardens, Inwood, Jan Phyl Village, Wahneta",932,Polk-33880,"Eloise, Jan Phyl Village, Orlando, Wahneta, Winter Haven, Winter Park",3176,3176,0.0123698132269965,1.0054854049861
829,33881,1300,53,Polk,Polk-33881,Winter Haven,"Dundee, Lake Alfred, Lake Hamilton, Winter Haven, Auburndale, Inwood",933,Polk-33881,"Florence Villa, Homeless, Orlando, Winter Haven, Winter Park",3715,3715,0.00713923202056321,0.557145762633065
830,33884,1301,53,Polk,Polk-33884,Winter Haven,"Lake Wales, Dundee, Winter Haven, Cypress Gardens",934,Polk-33884,"Cypress Gardens, Orlando, Winter Haven, Winter Park",2377,2377,0.00664296672402998,0.50770562965713
831,33890,1303,25,Hardee,Hardee-33890,Zolfo Springs,"Zolfo Springs, Gardner, Lemon Grove, Limestone",394,Hardee-33890,Zolfo Springs,449,449,0.0577396346111527,1.2554110100024
832,33896,1305,49,Osceola,Osceola-33896,Davenport,"Kissimmee, Campbell, Celebration, Four Corners, Loughman, Poinciana",753,Osceola-33896,"Champions Gate, Davenport",28,28,0.00242290052392491,0.538423406126608
833,33896,1306,53,Polk,Polk-33896,Davenport,"Four Corners, Loughman",935,Polk-33896,"Champions Gate, Davenport, Eatonville, Maitland, Ocoee, Orlando",1391,1391,0.00178140289062867,0.30155786144431
834,33897,1309,53,Polk,Polk-33897,Davenport,Four Corners,936,Polk-33897,"Davenport, Orlando",1707,1707,0.00730632122235875,0.522070166853147
835,33898,1310,49,Osceola,Osceola-33898,Lake Wales,Lake Wales,754,Osceola-33898,,0,0,0.00210005902158628,0.925304450652587
836,33898,1311,53,Polk,Polk-33898,Lake Wales,"Lake Wales, Dundee, Highland Park, Waverly",937,Polk-33898,"Highland Park, Lake Wales, Orlando, Winter Park",847,847,0.0527401418462432,2.17266079023134
837,33901,1312,36,Lee,Lee-33901,Fort Myers,Fort Myers,537,Lee-33901,"F M, Fort Myers",1950,1950,0.0021069111739962,0.205151253919089
838,33903,1314,36,Lee,Lee-33903,North Fort Myers,"Cape Coral, Lochmoor Waterway Estates, North Fort Myers, Palmona Park",538,Lee-33903,"Brooklyn, Fort Myers, North Fort Myers, University Of Central Florida",1248,1248,0.00643587331524031,0.644861310198896
839,33904,1315,36,Lee,Lee-33904,Cape Coral,Cape Coral,539,Lee-33904,Cape Coral,2009,2009,0.00395323264820036,0.266641204721147
840,33905,1316,36,Lee,Lee-33905,Fort Myers,"Fort Myers, Buckingham, Fort Myers Shores, Lehigh Acres, North Fort Myers, Olga, Tice",540,Lee-33905,"Buckingham, Fort Myers, Tice",2791,2791,0.0102467863641778,0.513441325391294
841,33907,1317,36,Lee,Lee-33907,Fort Myers,"Fort Myers, Cypress Lake, Page Park, Pine Manor, Villas, Whiskey Creek",541,Lee-33907,"Cape Coral, Fort Myers",1863,1863,0.00183496081831436,0.240957207744187
842,33908,1318,36,Lee,Lee-33908,Fort Myers,"Fort Myers Beach, Cypress Lake, Estero, Harlem Heights, Iona, McGregor, Punta Rassa, San Carlos Park, Villas",542,Lee-33908,"Fort Myers, Fort Myers-",2829,2829,0.0106749107826545,1.52599460973891
843,33909,1319,36,Lee,Lee-33909,Cape Coral,"Cape Coral, Burnt Store Marina, North Fort Myers",543,Lee-33909,Cape Coral,2521,2521,0.00468027602505572,0.372860765465539
844,33912,1320,36,Lee,Lee-33912,Fort Myers,"Fort Myers, San Carlos Park, Three Oaks, Villas",544,Lee-33912,"Cape Coral, Fort Meyers, Fort Myers, San Carlos Park, South Fort Myers",2676,2676,0.00532982961476591,0.343946725406671
845,33913,1322,36,Lee,Lee-33913,Fort Myers,"Fort Myers, Estero, Gateway, Lehigh Acres, Three Oaks",545,Lee-33913,"Fort Myers, Kearny, Miromar Lakes",1697,1697,0.0254275638876607,0.891780936783928
846,33914,1323,36,Lee,Lee-33914,Cape Coral,"Cape Coral, Matlacha Isles-Matlacha Shores",546,Lee-33914,Cape Coral,2715,2715,0.00652532907952263,0.746089686609052
847,33916,1324,36,Lee,Lee-33916,Fort Myers,Fort Myers,547,Lee-33916,"Fort Myers, Orlando",2403,2403,0.00279284592534168,0.292619159484161
848,33917,1325,8,Charlotte,Charlotte-33917,North Fort Myers,North Fort Myers,140,Charlotte-33917,North Fort Myers,<5,-2,0.00132266728883224,0.320137502921475
849,33917,1326,36,Lee,Lee-33917,North Fort Myers,"Cape Coral, North Fort Myers, Palmona Park, Suncoast Estates",548,Lee-33917,"Fort Myers, North Fort Myers",1536,1536,0.012403781087869,0.497674081939393
850,33919,1327,36,Lee,Lee-33919,Fort Myers,"Fort Myers, Cypress Lake, Iona, McGregor, Pine Manor, Villas, Whiskey Creek",549,Lee-33919,Fort Myers,1890,1890,0.00268794788962623,0.259679497962637
851,33920,1330,36,Lee,Lee-33920,Alva,"Alva, Buckingham, Charleston Park, Fort Denaud, Fort Myers Shores, Lehigh Acres, North Fort Myers, Olga",550,Lee-33920,"Alva, Babcock Ranch",401,401,0.0149839254247581,0.621137026418764
852,33921,1332,36,Lee,Lee-33921,Boca Grande,Boca Grande,551,Lee-33921,Boca Grande,63,63,0.00163459700388557,1.108521108725
853,33922,1333,36,Lee,Lee-33922,Bokeelia,"Bokeelia, Pine Island Center, Pineland, St. James City",552,Lee-33922,Bokeelia,148,148,0.00423120399818799,1.66753927820638
854,33924,1334,36,Lee,Lee-33924,Captiva,"Sanibel, Captiva",553,Lee-33924,Captiva,9,9,0.000681488645568606,0.475301982980934
855,33928,1336,36,Lee,Lee-33928,Estero,"Bonita Springs, Estero",554,Lee-33928,Estero,1699,1699,0.0165084618772653,1.15207687404767
856,33931,1337,36,Lee,Lee-33931,Fort Myers Beach,"Fort Myers Beach, Bonita Springs, Iona",555,Lee-33931,"Bonita Springs, Fort Myers Beach",644,644,0.00153036049960065,0.745392227089609
857,33935,1340,22,Glades,Glades-33935,Labelle,"LaBelle, Fort Denaud",381,Glades-33935,"Fort Denaud, Labelle, Moore Haven",26,26,0.014536824020297,0.754543837104476
858,33935,1341,26,Hendry,Hendry-33935,Labelle,"LaBelle, Alva, Fort Denaud, Port LaBelle",396,Hendry-33935,"Fort Denaud, Labelle",1857,1857,0.115029312555862,1.66372512225901
859,33936,1343,26,Hendry,Hendry-33936,Lehigh Acres,Lehigh Acres,397,Hendry-33936,,0,0,0.000255198973036386,0.0843828884770719
860,33936,1344,36,Lee,Lee-33936,Lehigh Acres,Lehigh Acres,556,Lee-33936,"Fort Myers, Lehigh, Lehigh Acres",1811,1811,0.0027468859216242,0.45136748474832
861,33944,1345,22,Glades,Glades-33944,Palmdale,Palmdale,382,Glades-33944,Palmdale,25,25,0.00142250819112633,0.219004255056235
862,33946,1346,8,Charlotte,Charlotte-33946,Placida,Rotonda,141,Charlotte-33946,"Cape Haze, Placida",112,112,0.00913235951975366,2.71110819152755
863,33947,1348,8,Charlotte,Charlotte-33947,Rotonda West,"Grove City, Rotonda",142,Charlotte-33947,"Cape Haze, Placida, Rotunda West",448,448,0.00291962024948589,0.348975198034768
864,33948,1349,8,Charlotte,Charlotte-33948,Port Charlotte,Port Charlotte,143,Charlotte-33948,Port Charlotte,993,993,0.00576083020132501,0.757756535518195
865,33950,1350,8,Charlotte,Charlotte-33950,Punta Gorda,"Punta Gorda, Charlotte Park, Cleveland, Solana",144,Charlotte-33950,Punta Gorda,1280,1280,0.00594217122193186,0.554793718936188
866,33952,1351,8,Charlotte,Charlotte-33952,Port Charlotte,"Charlotte Harbor, Port Charlotte",145,Charlotte-33952,"Fort Charlotte, Port Charlotte",1827,1827,0.00366603778434182,0.343187060372117
867,33953,1352,8,Charlotte,Charlotte-33953,Port Charlotte,"North Port, Port Charlotte",146,Charlotte-33953,Port Charlotte,336,336,0.00464487276371983,0.375249327355637
868,33954,1354,8,Charlotte,Charlotte-33954,Port Charlotte,"North Port, Port Charlotte",147,Charlotte-33954,Port Charlotte,725,725,0.00214278740304508,0.330492212590031
869,33955,1356,8,Charlotte,Charlotte-33955,Punta Gorda,"Punta Gorda, Burnt Store Marina, Charlotte Park",148,Charlotte-33955,Punta Gorda,445,445,0.0131577533445579,1.77257433228078
870,33955,1357,36,Lee,Lee-33955,Punta Gorda,"Cape Coral, Burnt Store Marina, North Fort Myers",557,Lee-33955,Punta Gorda,6,6,0.000276957746791595,0.223258500510774
871,33956,1358,36,Lee,Lee-33956,Saint James City,"Pine Island Center, St. James City",558,Lee-33956,Saint James City,191,191,0.00380492586828041,1.31319116283872
872,33957,1359,36,Lee,Lee-33957,Sanibel,"Sanibel, Captiva",559,Lee-33957,Sanibel,225,225,0.00411056217240002,1.33255554405423
873,33960,1362,22,Glades,Glades-33960,Venus,Venus,383,Glades-33960,,0,0,0.0054251721280707,1.02098106731728
874,33960,1363,28,Highlands,Highlands-33960,Venus,Venus,418,Highlands-33960,Venus,26,26,0.0475405660779415,1.39734279576254
875,33965,1364,36,Lee,Lee-33965,Fort Myers,Estero,560,Lee-33965,"Florida Gulf Coast Univ, Fort Myers",254,254,0.000285423846889898,0.0712811587048638
876,33966,1365,36,Lee,Lee-33966,Fort Myers,"Fort Myers, Villas",561,Lee-33966,"Alva, Bonita, Fort Myers, Lehigh Acres, Maumee, North Fort Myers",1185,1185,0.00183383977082485,0.207843566164701
877,33967,1366,36,Lee,Lee-33967,Fort Myers,"Estero, San Carlos Park, Three Oaks",562,Lee-33967,"Estero, Fort Myers, San Carlos Park, South Fort Myers",2131,2131,0.00188574215508197,0.201496916775791
878,33971,1367,36,Lee,Lee-33971,Lehigh Acres,"Fort Myers, Buckingham, Gateway, Lehigh Acres",563,Lee-33971,"Lehigh, Lehigh Acres",2392,2392,0.00395819440882406,0.384900369846008
879,33972,1369,36,Lee,Lee-33972,Lehigh Acres,"Alva, Lehigh Acres",564,Lee-33972,"Lehigh, Lehigh Acres",1000,1000,0.00603543863780942,0.40578122650285
880,33973,1370,36,Lee,Lee-33973,Lehigh Acres,"Fort Myers, Gateway, Lehigh Acres",565,Lee-33973,"Lehigh, Lehigh Acres",852,852,0.000911121446961261,0.13383110496953
881,33974,1372,36,Lee,Lee-33974,Lehigh Acres,Lehigh Acres,566,Lee-33974,"Fort Myers, Lehigh, Lehigh Acres, Lehigh Cares",1254,1254,0.00545036836138024,0.397004944575547
882,33976,1373,36,Lee,Lee-33976,Lehigh Acres,Lehigh Acres,567,Lee-33976,"Lehigh, Lehigh Acres",1452,1452,0.0021803804290812,0.195623039047468
883,33980,1374,8,Charlotte,Charlotte-33980,Punta Gorda,"Charlotte Harbor, Port Charlotte",149,Charlotte-33980,"Port Charlotte, Punta Gorda",906,906,0.00273703444577222,0.243625582204032
884,33981,1375,8,Charlotte,Charlotte-33981,Port Charlotte,"North Port, Englewood",150,Charlotte-33981,"Orlando, Port Charlotte",598,598,0.00708483147809602,0.548620069264055
885,33982,1377,8,Charlotte,Charlotte-33982,Punta Gorda,"Cleveland, North Fort Myers, Solana",151,Charlotte-33982,"Babcock Ranch, Punta Gorda",515,515,0.10680793639699,1.49860261058611
886,33983,1381,8,Charlotte,Charlotte-33983,Punta Gorda,Harbour Heights,152,Charlotte-33983,"Port Charlotte, Punta Gorda",987,987,0.00277464081386825,0.225766543035129
887,33990,1383,36,Lee,Lee-33990,Cape Coral,"Cape Coral, Lochmoor Waterway Estates",568,Lee-33990,Cape Coral,2285,2285,0.00259723767089781,0.240434205683027
888,33991,1384,36,Lee,Lee-33991,Cape Coral,"Cape Coral, Matlacha Isles-Matlacha Shores",569,Lee-33991,Cape Coral,2065,2065,0.00357429405335097,0.380490397925655
889,33993,1386,36,Lee,Lee-33993,Cape Coral,"Cape Coral, Burnt Store Marina, Matlacha, Matlacha Isles-Matlacha Shores",570,Lee-33993,"Cape Coral, Fort Myers, Matlacha",2198,2198,0.0122656732276027,2.30258538685879
890,34102,1387,11,Collier,Collier-34102,Naples,Naples,181,Collier-34102,Naples,872,872,0.001391786092654,0.623789742983996
891,34103,1388,11,Collier,Collier-34103,Naples,"Naples, Pelican Bay",182,Collier-34103,Naples,701,701,0.000834589151281762,0.281076907394553
892,34104,1389,11,Collier,Collier-34104,Naples,Naples,183,Collier-34104,Naples,2002,2002,0.00240085110567634,0.247527841545967
893,34105,1390,11,Collier,Collier-34105,Naples,Naples,184,Collier-34105,Naples,985,985,0.00251764480299244,0.224715154148233
894,34108,1391,11,Collier,Collier-34108,Naples,"Naples, Naples Park, Pelican Bay, Pine Ridge",185,Collier-34108,"Coco River, Naples",922,922,0.00195462795750245,0.247886034603665
895,34109,1392,11,Collier,Collier-34109,Naples,"Pine Ridge, Vineyards",186,Collier-34109,Naples,1833,1833,0.00315632623369311,0.231442242894523
896,34110,1393,11,Collier,Collier-34110,Naples,"Bonita Springs, Naples Park",187,Collier-34110,Naples,1521,1521,0.00391921176674259,0.331595366285012
897,34110,1394,36,Lee,Lee-34110,Naples,Bonita Springs,571,Lee-34110,Naples,<5,-2,0.000198651591517773,0.168710516953115
898,34112,1395,11,Collier,Collier-34112,Naples,"Naples, Lely, Lely Resort",188,Collier-34112,Naples,1821,1821,0.00408840200839222,0.533878199979073
899,34113,1396,11,Collier,Collier-34113,Naples,"Naples, Lely, Lely Resort, Naples Manor, Verona Walk",189,Collier-34113,Naples,1948,1948,0.0081849103080458,1.73730735161496
900,34114,1397,11,Collier,Collier-34114,Naples,"Everglades, Marco Island, Lely Resort, Verona Walk",190,Collier-34114,Naples,1311,1311,0.0537657271095213,6.19891507641843
901,34116,1398,11,Collier,Collier-34116,Naples,Golden Gate,191,Collier-34116,Naples,3316,3316,0.00228395637691392,0.191301756785681
902,34117,1399,11,Collier,Collier-34117,Naples,Golden Gate,192,Collier-34117,Naples,1214,1214,0.0592965051803276,1.38218837826327
903,34119,1400,11,Collier,Collier-34119,Naples,"Bonita Springs, Island Walk, Vineyards",193,Collier-34119,Naples,2346,2346,0.0054129258892317,0.331432259563572
904,34119,1401,36,Lee,Lee-34119,Naples,Bonita Springs,572,Lee-34119,Naples,<5,-2,0.000115442792093745,0.0975996738026642
905,34120,1402,11,Collier,Collier-34120,Naples,"Bonita Springs, Immokalee, Orangetree",194,Collier-34120,Naples,3240,3240,0.0332111165316746,0.820816177733087
906,34134,1404,11,Collier,Collier-34134,Bonita Springs,Bonita Springs,195,Collier-34134,"Bonita Springs, Naples",25,25,0.000383701816872417,0.181724225021779
907,34134,1405,36,Lee,Lee-34134,Bonita Springs,"Bonita Springs, Estero",573,Lee-34134,"Barefoot Beach, Bonita Beach, Bonita Springs, Estero",702,702,0.00308126615186666,0.973237227189151
908,34135,1407,36,Lee,Lee-34135,Bonita Springs,"Bonita Springs, Estero",574,Lee-34135,"Bonita Springs, Cape Coral, Estero",2894,2894,0.0087455900952591,0.606453526672353
909,34138,1408,11,Collier,Collier-34138,Chokoloskee,Chokoloskee,196,Collier-34138,Chokoloskee,25,25,5.67048464290565E-05,0.048844473728075
910,34139,1409,11,Collier,Collier-34139,Everglades City,Everglades,197,Collier-34139,Everglades City,19,19,0.0010334937164771,0.217294608617283
911,34140,1410,11,Collier,Collier-34140,Goodland,"Marco Island, Goodland",198,Collier-34140,Goodland,18,18,3.8342147036019E-05,0.063580128783305
912,34141,1412,11,Collier,Collier-34141,Ochopee,"Everglades, Plantation Island",199,Collier-34141,"Jerome, Ochopee",75,75,0.174053589499181,2.46772243527426
913,34142,1416,11,Collier,Collier-34142,Immokalee,Immokalee,200,Collier-34142,"Ave Maria, Immokalee",3357,3357,0.113931720604114,2.09777058847766
914,34142,1417,26,Hendry,Hendry-34142,Immokalee,Immokalee,398,Hendry-34142,,0,0,0.0285230007823429,1.03111292429105
915,34145,1419,11,Collier,Collier-34145,Marco Island,Marco Island,201,Collier-34145,Marco Island,724,724,0.00458166494945544,2.04997462445341
916,34201,1420,41,Manatee,Manatee-34201,Bradenton,Bradenton,609,Manatee-34201,"Bradenton, University Park",213,213,0.000850256363492008,0.162004588190616
917,34202,1421,41,Manatee,Manatee-34202,Bradenton,Bradenton,610,Manatee-34202,"Bradenton, Lakewood Ranch",1549,1549,0.00541449029219621,0.406588012929693
918,34203,1423,41,Manatee,Manatee-34203,Bradenton,"Bayshore Gardens, Samoset, South Bradenton, West Samoset",611,Manatee-34203,"Braden River, Bradenton",3078,3078,0.00383563647665142,0.423206583104403
919,34205,1424,41,Manatee,Manatee-34205,Bradenton,"Bradenton, South Bradenton, West Bradenton, West Samoset",612,Manatee-34205,"Bradenton, Orlando, West Bradenton",2568,2568,0.00174070401840254,0.175874658834222
920,34207,1425,41,Manatee,Manatee-34207,Bradenton,"Bayshore Gardens, South Bradenton, Whitfield",613,Manatee-34207,"Bayshore Gardens, Bradenton, Sarasota",2465,2465,0.00148106442270546,0.202976401884277
921,34208,1426,41,Manatee,Manatee-34208,Bradenton,"Bradenton, Ellenton, Samoset, South Bradenton, West Samoset",614,Manatee-34208,"Bradenton, Metter, Orlando, Samoset",3916,3916,0.00463608700715668,0.34124444549359
922,34209,1427,41,Manatee,Manatee-34209,Bradenton,"Bradenton, Cortez, West Bradenton",615,Manatee-34209,"Bradenton, Palma Sola",2270,2270,0.00341768823818711,0.573253249925842
923,34210,1428,41,Manatee,Manatee-34210,Bradenton,"Bradenton, Bayshore Gardens, Cortez, South Bradenton",616,Manatee-34210,"Bradenton, Orlando",1184,1184,0.00204055887115828,0.48640330849611
924,34211,1429,41,Manatee,Manatee-34211,Bradenton,Bradenton,617,Manatee-34211,"Bradenton, Bradington, Lakewood Ranch",1038,1038,0.0087920361347642,0.486560975712816
925,34212,1430,41,Manatee,Manatee-34212,Bradenton,Bradenton,618,Manatee-34212,"Bradenton, Lakewood Ranch",1634,1634,0.00558559416299431,0.508639502808397
926,34215,1431,41,Manatee,Manatee-34215,Cortez,"Bradenton Beach, Holmes Beach, Cortez",619,Manatee-34215,Cortez,32,32,0.000136707660885804,0.13160530339875
927,34216,1432,41,Manatee,Manatee-34216,Anna Maria,Anna Maria,620,Manatee-34216,Anna Maria,56,56,0.000187627308832816,0.196575437985664
928,34217,1433,41,Manatee,Manatee-34217,Bradenton Beach,"Anna Maria, Bradenton Beach, Holmes Beach",621,Manatee-34217,"Bradenton Beach, Holmes Beach",248,248,0.000551769456478723,0.498112322294761
929,34219,1436,41,Manatee,Manatee-34219,Parrish,Wimauma,622,Manatee-34219,"Bradenton, Duette, Parrish",1855,1855,0.0537276072825534,1.59764595002244
930,34221,1438,41,Manatee,Manatee-34221,Palmetto,"Bradenton, Palmetto, Ellenton, Memphis, West Bradenton",623,Manatee-34221,"Bradenton, Eglin, Palmetto, Rubonia",4397,4397,0.0133089232483599,1.90501931027845
931,34222,1439,41,Manatee,Manatee-34222,Ellenton,"Palmetto, Ellenton, Memphis",624,Manatee-34222,Ellenton,993,993,0.00176682736946532,0.271381714737639
932,34223,1440,8,Charlotte,Charlotte-34223,Englewood,"North Port, Englewood, Manasota Key",153,Charlotte-34223,Englewood,<5,-2,0.000565484239132275,0.425071969886689
933,34223,1441,58,Sarasota,Sarasota-34223,Englewood,"North Port, Englewood, Manasota Key, South Venice",964,Sarasota-34223,"Englewood, Inglewood",686,686,0.00759396276566804,0.753592336718116
934,34224,1442,8,Charlotte,Charlotte-34224,Englewood,"North Port, Englewood, Grove City, Manasota Key, Rotonda",154,Charlotte-34224,"Englewood, Grove City, Orlando",870,870,0.00303592499926708,0.550426949352483
935,34224,1443,58,Sarasota,Sarasota-34224,Englewood,North Port,965,Sarasota-34224,,0,0,0.00308669257265137,0.302139428085705
936,34228,1444,41,Manatee,Manatee-34228,Longboat Key,Longboat Key,625,Manatee-34228,"Long Boat Key, Longboat Key",212,212,0.00048938827285383,0.423989833363617
937,34228,1445,58,Sarasota,Sarasota-34228,Longboat Key,Longboat Key,966,Sarasota-34228,Longboat Key,7,7,0.000627302150633113,0.379400338779625
938,34229,1446,58,Sarasota,Sarasota-34229,Osprey,"Laurel, Osprey, Vamo",967,Sarasota-34229,Osprey,339,339,0.00148253804377418,0.324512936336557
939,34231,1447,58,Sarasota,Sarasota-34231,Sarasota,"Sarasota, Gulf Gate Estates, Ridge Wood Heights, Siesta Key, Southgate, South Gate Ridge, South Sarasota, Vamo",968,Sarasota-34231,Sarasota,1894,1894,0.00235593670981871,0.391833658681407
940,34232,1448,58,Sarasota,Sarasota-34232,Sarasota,"Sarasota, Bee Ridge, Fruitville, Kensington Park, Sarasota Springs, Southgate, South Gate Ridge, The Meadows",969,Sarasota-34232,Sarasota,2479,2479,0.00266808339551972,0.217632232621093
941,34233,1449,58,Sarasota,Sarasota-34233,Sarasota,"Bee Ridge, Gulf Gate Estates, Sarasota Springs, Southgate, South Gate Ridge",970,Sarasota-34233,"Sarasota, West Villages",1172,1172,0.00145452534275137,0.164455138611539
942,34234,1450,58,Sarasota,Sarasota-34234,Sarasota,"Sarasota, Desoto Lakes, Kensington Park, North Sarasota",971,Sarasota-34234,Sarasota,1901,1901,0.00155249386466494,0.187400971115372
943,34235,1451,58,Sarasota,Sarasota-34235,Sarasota,"Sarasota, Desoto Lakes, Fruitville, Kensington Park, North Sarasota, The Meadows",972,Sarasota-34235,Sarasota,1023,1023,0.00170865200266235,0.209466469285382
944,34236,1452,58,Sarasota,Sarasota-34236,Sarasota,"Longboat Key, Sarasota",973,Sarasota-34236,Sarasota,798,798,0.000877498253885278,0.535958309154785
945,34237,1453,58,Sarasota,Sarasota-34237,Sarasota,"Sarasota, Kensington Park, North Sarasota, Southgate",974,Sarasota-34237,"Azalea Park, Sarasota",1740,1740,0.00097749487326837,0.124565147831873
946,34238,1454,58,Sarasota,Sarasota-34238,Sarasota,"Bee Ridge, Gulf Gate Estates, Laurel, Osprey, South Gate Ridge, Vamo",975,Sarasota-34238,Sarasota,1121,1121,0.00336096009868925,0.295879118466886
947,34239,1455,58,Sarasota,Sarasota-34239,Sarasota,"Sarasota, Ridge Wood Heights, Sarasota Springs, Southgate, South Gate Ridge, South Sarasota",976,Sarasota-34239,Sarasota,1241,1241,0.00104611483561712,0.185015976177147
948,34240,1456,41,Manatee,Manatee-34240,Sarasota,Sarasota,626,Manatee-34240,Sarasota,<5,-2,0.000205588612743668,0.36513078526489
949,34240,1457,58,Sarasota,Sarasota-34240,Sarasota,"Fruitville, Lake Sarasota",977,Sarasota-34240,"Lakewood Ranch, Sarasota",921,921,0.0169126309995136,0.697088688663724
950,34241,1459,58,Sarasota,Sarasota-34241,Sarasota,"Venice, Lake Sarasota",978,Sarasota-34241,Sarasota,743,743,0.0347895346371843,1.18890188400028
951,34242,1460,58,Sarasota,Sarasota-34242,Sarasota,"Sarasota, Osprey, Siesta Key, South Sarasota",979,Sarasota-34242,"Crescent Beach, Sarasota, Siesta Key",404,404,0.000906301119812269,0.475737287582076
952,34243,1461,41,Manatee,Manatee-34243,Sarasota,"Sarasota, Bayshore Gardens, North Sarasota, Whitfield",627,Manatee-34243,"Orlando, Sarasota",1866,1866,0.00350755316139839,0.410104836993973
953,34243,1462,58,Sarasota,Sarasota-34243,Sarasota,"Sarasota, Desoto Lakes, North Sarasota, The Meadows",980,Sarasota-34243,Sarasota,75,75,0.000848802470500232,0.265377984938453
954,34251,1465,41,Manatee,Manatee-34251,Myakka City,Myakka City,628,Manatee-34251,Myakka City,421,421,0.0651314488557091,1.35212657449613
955,34251,1466,58,Sarasota,Sarasota-34251,Myakka City,Myakka City,981,Sarasota-34251,Myakka City,<5,-2,0.000598621428025581,0.614035063806551
956,34266,1468,14,Desoto,Desoto-34266,Arcadia,"Arcadia, North Port, Gardner, Limestone, Southeast Arcadia",293,Desoto-34266,Arcadia,3305,3305,0.135333623243469,2.02680600136808
957,34266,1472,58,Sarasota,Sarasota-34266,Arcadia,North Port,982,Sarasota-34266,,0,0,0.00640103696741789,0.455409065385667
958,34269,1474,14,Desoto,Desoto-34269,Arcadia,North Port,294,Desoto-34269,"Arcadia, Lake Suzy",224,224,0.0152725160357932,0.839885276881495
959,34275,1476,58,Sarasota,Sarasota-34275,Nokomis,"Venice, Laurel, Nokomis, Osprey",983,Sarasota-34275,"Nokomis, North Venice, Venice",937,937,0.00559754129017165,0.891968465888059
960,34285,1477,58,Sarasota,Sarasota-34285,Venice,"Venice, Laurel, Nokomis, South Venice, Venice Gardens",984,Sarasota-34285,Venice,950,950,0.00217682500215233,0.341701760255723
961,34286,1480,58,Sarasota,Sarasota-34286,North Port,North Port,985,Sarasota-34286,"North Port, Northport, Sarasota, Venice",1298,1298,0.00954036516327506,0.711012315761898
962,34287,1482,58,Sarasota,Sarasota-34287,North Port,"North Port, Warm Mineral Springs",986,Sarasota-34287,"North Port, Orlando, Venice",1260,1260,0.00462133225641992,0.384564903357123
963,34288,1484,58,Sarasota,Sarasota-34288,North Port,North Port,987,Sarasota-34288,"North Port, Sarasota",743,743,0.00371087637381606,0.334659401046355
964,34289,1485,58,Sarasota,Sarasota-34289,North Port,North Port,988,Sarasota-34289,North Port,140,140,0.000989802442745713,0.147230814680237
965,34291,1486,58,Sarasota,Sarasota-34291,North Port,North Port,989,Sarasota-34291,"North Port, Venice",434,434,0.00504023662551845,0.333715551927892
966,34292,1487,58,Sarasota,Sarasota-34292,Venice,"Venice, North Port, Nokomis, Plantation, Venice Gardens",990,Sarasota-34292,Venice,846,846,0.008486920598898,0.546861422471803
967,34293,1488,58,Sarasota,Sarasota-34293,Venice,"Venice, North Port, Plantation, South Venice, Venice Gardens, Warm Mineral Springs",991,Sarasota-34293,"Sarasota, Venice",1904,1904,0.00720126297028401,0.568997562874297
968,34420,1489,42,Marion,Marion-34420,Belleview,"Belleview, Silver Springs Shores",643,Marion-34420,"Belleview, Orlando",1092,1092,0.00665586768309367,0.668878746843848
969,34428,1490,9,Citrus,Citrus-34428,Crystal River,"Inglis, Crystal River",155,Citrus-34428,Crystal River,599,599,0.0167065543528224,1.52083302104776
970,34429,1492,9,Citrus,Citrus-34429,Crystal River,"Crystal River, Black Diamond, Homosassa Springs, Lecanto",156,Citrus-34429,Crystal River,802,802,0.0104455553841944,4.91627469986263
971,34431,1494,38,Levy,Levy-34431,Dunnellon,Dunnellon,597,Levy-34431,Dunnellon,<5,-2,0.00691675816074167,0.545726624043789
972,34431,1495,42,Marion,Marion-34431,Dunnellon,Dunnellon,644,Marion-34431,"Dunnellon, Ocala",514,514,0.0151312962527754,0.557022804213389
973,34432,1498,42,Marion,Marion-34432,Dunnellon,"Dunnellon, Hernando",645,Marion-34432,Dunnellon,669,669,0.0269993468414214,1.18481843129357
974,34433,1500,9,Citrus,Citrus-34433,Dunnellon,"Dunnellon, Citrus Springs, Pine Ridge",157,Citrus-34433,"Citrus Springs, Dunnellon",374,374,0.00849605979351509,0.512808595352014
975,34434,1503,9,Citrus,Citrus-34434,Dunnellon,"Dunnellon, Citrus Springs, Hernando, Pine Ridge",158,Citrus-34434,"Citrus Springs, Dunnellon, Lander",594,594,0.00634651155382926,0.587425734566011
976,34436,1505,9,Citrus,Citrus-34436,Floral City,Floral City,159,Citrus-34436,Floral City,339,339,0.0144319578987506,0.824530856686366
977,34442,1508,9,Citrus,Citrus-34442,Hernando,"Citrus Hills, Citrus Springs, Hernando, Lecanto, Pine Ridge",160,Citrus-34442,"Citrus Hills, Hernando",888,888,0.012791806186442,0.869962819787718
978,34445,1511,9,Citrus,Citrus-34445,Holder,"Citrus Springs, Hernando, Pine Ridge",161,Citrus-34445,Holder,11,11,4.53606342034618E-05,0.0346545092941957
979,34446,1512,9,Citrus,Citrus-34446,Homosassa,"Homosassa, Homosassa Springs, Lecanto, Sugarmill Woods",162,Citrus-34446,"Homosassa, Homosassa Springs",921,921,0.00736239905313596,0.544550060498103
980,34448,1514,9,Citrus,Citrus-34448,Homosassa,"Crystal River, Homosassa, Homosassa Springs, Lecanto, Sugarmill Woods",163,Citrus-34448,"Homosassa, Homosassa Springs",491,491,0.0189603967708081,4.44574742876608
981,34449,1516,9,Citrus,Citrus-34449,Inglis,"Inglis, Yankeetown",164,Citrus-34449,Inglis,6,6,0.00199091638455684,0.48045040152361
982,34449,1517,38,Levy,Levy-34449,Inglis,"Inglis, Yankeetown",598,Levy-34449,Inglis,116,116,0.0623135287667083,3.05285207185493
983,34450,1519,9,Citrus,Citrus-34450,Inverness,"Inverness, Inverness Highlands South",165,Citrus-34450,Inverness,496,496,0.0111848877652392,0.715435222815366
984,34452,1521,9,Citrus,Citrus-34452,Inverness,"Inverness, Floral City, Inverness Highlands North, Inverness Highlands South",166,Citrus-34452,Inverness,1073,1073,0.0196655518520856,0.721287072777646
985,34453,1523,9,Citrus,Citrus-34453,Inverness,"Inverness, Citrus Hills, Hernando, Inverness Highlands North, Lecanto",167,Citrus-34453,"Apopka, Inverness",679,679,0.00570396288753727,0.624669851802934
986,34461,1525,9,Citrus,Citrus-34461,Lecanto,"Black Diamond, Citrus Hills, Homosassa Springs, Lecanto, Pine Ridge, Sugarmill Woods",168,Citrus-34461,"Lecanto, Orlando",1043,1043,0.0111377389621339,1.026474599077
987,34465,1526,9,Citrus,Citrus-34465,Beverly Hills,"Beverly Hills, Black Diamond, Citrus Springs, Lecanto, Pine Ridge",169,Citrus-34465,"Beverly Hills, Pine Ridge",1001,1001,0.00581117757224092,0.550450163576684
988,34470,1527,42,Marion,Marion-34470,Ocala,Ocala,646,Marion-34470,"Ocala, Orlando",1471,1471,0.00370811695484008,0.4476412635004
989,34471,1528,42,Marion,Marion-34471,Ocala,Ocala,647,Marion-34471,Ocala,2872,2872,0.00497346910037777,0.436593137359591
990,34472,1529,42,Marion,Marion-34472,Ocala,Silver Springs Shores,648,Marion-34472,"Belleview, Ocala",2251,2251,0.0113706369784268,0.541446812918226
991,34473,1530,42,Marion,Marion-34473,Ocala,Ocala,649,Marion-34473,Ocala,1765,1765,0.00977484282316254,0.553866308055346
992,34474,1532,42,Marion,Marion-34474,Ocala,Ocala,650,Marion-34474,Ocala,1572,1572,0.00505222904325819,0.320136218258585
993,34475,1533,42,Marion,Marion-34475,Ocala,Ocala,651,Marion-34475,Ocala,1303,1303,0.00704140938591991,0.507500293605285
994,34476,1534,42,Marion,Marion-34476,Ocala,Ocala,652,Marion-34476,Ocala,1578,1578,0.00847061292506623,0.44085810441633
995,34479,1536,42,Marion,Marion-34479,Ocala,Ocala,653,Marion-34479,Ocala,957,957,0.00420891757516983,0.524118299923915
996,34480,1537,42,Marion,Marion-34480,Ocala,"Ocala, Belleview",654,Marion-34480,"Ocala, Orlando",1625,1625,0.00784617501153662,0.564143412881049
997,34481,1538,42,Marion,Marion-34481,Ocala,Ocala,655,Marion-34481,Ocala,1154,1154,0.0148430904848738,0.676010268933236
998,34482,1539,42,Marion,Marion-34482,Ocala,Ocala,656,Marion-34482,"Ocala, Orlando",2823,2823,0.0216486689880639,0.91805438790998
999,34484,1541,60,Sumter,Sumter-34484,Oxford,"Wildwood, The Villages",1046,Sumter-34484,Oxford,439,439,0.00693755878955926,0.482236611277877
1000,34488,1542,42,Marion,Marion-34488,Silver Springs,Ocala,657,Marion-34488,Silver Springs,523,523,0.0239194186879104,1.12613467623978
1001,34491,1543,42,Marion,Marion-34491,Summerfield,"Belleview, Lady Lake, The Villages",658,Marion-34491,"Ocala, Summerfield",1675,1675,0.0104990476067997,0.796111885650365
1002,34498,1546,38,Levy,Levy-34498,Yankeetown,"Inglis, Yankeetown",599,Levy-34498,Yankeetown,22,22,0.00149536737740164,0.88727385569481
1003,34601,1548,27,Hernando,Hernando-34601,Brooksville,"Brooksville, Floral City, Hill 'n Dale, Istachatta, Lake Lindsey, Nobleton, North Brooksville, South Brooksville, Spring Hill, Spring Lake, Sugarmill Woods, Wiscon",401,Hernando-34601,Brooksville,1473,1473,0.0303874322544289,1.04301303994347
1004,34602,1550,27,Hernando,Hernando-34602,Brooksville,"Hill 'n Dale, Ridge Manor, South Brooksville, Spring Lake",402,Hernando-34602,Brooksville,384,384,0.0161836998852323,0.760600547226774
1005,34604,1553,27,Hernando,Hernando-34604,Brooksville,"Brooksville, Brookridge, Garden Grove, Masaryktown, Shady Hills, South Brooksville, Spring Hill, Wiscon",403,Hernando-34604,"Brooksville, Spring Hill",652,652,0.00890624171347554,0.471058749812425
1006,34606,1555,27,Hernando,Hernando-34606,Spring Hill,"Weeki Wachee, North Weeki Wachee, Spring Hill, Timber Pines",404,Hernando-34606,"Brooksville, Orlando, Spring Hill, Weeki Wachee",1657,1657,0.00297651187588599,0.298973862810322
1007,34607,1557,27,Hernando,Hernando-34607,Spring Hill,"Weeki Wachee, Aripeka, Bayport, Hernando Beach, North Weeki Wachee, Pine Island, Spring Hill, Weeki Wachee Gardens",405,Hernando-34607,"Brooksville, Hernando Beach, Spring Hill, Weeki Wachee",438,438,0.00675624294399313,1.25065371550113
1008,34608,1559,27,Hernando,Hernando-34608,Spring Hill,"High Point, North Weeki Wachee, Shady Hills, Spring Hill",406,Hernando-34608,"Brooksville, Spring Hill",1859,1859,0.00391418200933913,0.329107249065678
1009,34609,1560,27,Hernando,Hernando-34609,Spring Hill,"Brookridge, High Point, Spring Hill",407,Hernando-34609,"Brooksville, Spring Hill",2774,2774,0.00521613023624923,0.332376512306945
1010,34610,1563,51,Pasco,Pasco-34610,Spring Hill,"Connerton, Quail Ridge, Shady Hills, Spring Hill",840,Pasco-34610,"Brooksville, Shady Hills, Spring Hill",681,681,0.0187713582924971,0.669223411921677
1011,34613,1564,27,Hernando,Hernando-34613,Brooksville,"Weeki Wachee, Bayport, Brookridge, High Point, North Weeki Wachee, Pine Island, South Brooksville, Spring Hill, Weeki Wachee Gardens, Wiscon",408,Hernando-34613,"Brooksville, Spring Hill, Weeki Wachee",1066,1066,0.00779059930846415,0.453298712425503
1012,34614,1566,27,Hernando,Hernando-34614,Brooksville,"North Weeki Wachee, South Brooksville, Sugarmill Woods",409,Hernando-34614,"Brooksville, Weeki Wachee",437,437,0.0236592589146767,2.24621965070478
1013,34637,1567,51,Pasco,Pasco-34637,Land O Lakes,"Connerton, Land O' Lakes",841,Pasco-34637,Land O Lakes,721,721,0.00395461736115976,0.283135691273833
1014,34638,1568,51,Pasco,Pasco-34638,Land O Lakes,"Connerton, Land O' Lakes, Moon Lake, Quail Ridge",842,Pasco-34638,"Land O Lakes, Orlando, Spring Hill",2061,2061,0.0159605003238994,0.564461274028209
1015,34639,1569,51,Pasco,Pasco-34639,Land O Lakes,"Connerton, Land O' Lakes, Wesley Chapel",843,Pasco-34639,"Land O Lakes, Orlando, University Of Central Fl",1774,1774,0.00630166395399101,0.486319144606035
1016,34652,1570,51,Pasco,Pasco-34652,New Port Richey,"New Port Richey, Port Richey, Beacon Square, Elfers",844,Pasco-34652,New Port Richey,1447,1447,0.00201025382557418,0.373021305200719
1017,34653,1571,51,Pasco,Pasco-34653,New Port Richey,"New Port Richey, Port Richey, Elfers, Jasmine Estates, New Port Richey East",845,Pasco-34653,"Hudson, New Port Richey",2246,2246,0.00260441695650115,0.238711625445827
1018,34654,1572,51,Pasco,Pasco-34654,New Port Richey,"Bayonet Point, Jasmine Estates, Meadow Oaks, Moon Lake, River Ridge",846,Pasco-34654,"New Port Richey, Zephyrhills",1461,1461,0.00650976696260841,0.346733656302715
1019,34655,1574,51,Pasco,Pasco-34655,New Port Richey,"Elfers, Holiday, Keystone, Moon Lake, Odessa, River Ridge, Trinity",847,Pasco-34655,"New Port Richey, Orlando, Seven Springs, Trinity",2931,2931,0.00637087165659977,0.545905916806994
1020,34661,1576,27,Hernando,Hernando-34661,Nobleton,Nobleton,410,Hernando-34661,Nobleton,9,9,9.39842786920053E-05,0.0468170627389401
1021,34667,1579,51,Pasco,Pasco-34667,Hudson,"Aripeka, Bayonet Point, Heritage Pines, Hudson, Shady Hills, Spring Hill",848,Pasco-34667,"Bayonet Point, Hudson, Port Richey",1930,1930,0.00778819184438362,0.773805393572741
1022,34668,1580,51,Pasco,Pasco-34668,Port Richey,"New Port Richey, Port Richey, Bayonet Point, Jasmine Estates, New Port Richey East",849,Pasco-34668,"Land O Lakes, New Port Richey, Orlando, Port Richey",2581,2581,0.003885392727625,0.544223130253641
1023,34669,1581,51,Pasco,Pasco-34669,Hudson,"Bayonet Point, Hudson, Meadow Oaks, Moon Lake, Quail Ridge, Shady Hills",850,Pasco-34669,"Hudson, New Port Richey, Port Richey",774,774,0.0046866296004282,0.333071745440162
1024,34677,1583,52,Pinellas,Pinellas-34677,Oldsmar,"Safety Harbor, Oldsmar, East Lake, Palm Harbor",892,Pinellas-34677,"Alafaya, Oldsmar",1236,1236,0.00328594075767796,0.342644999757453
1025,34681,1584,52,Pinellas,Pinellas-34681,Crystal Beach,Palm Harbor,893,Pinellas-34681,Crystal Beach,79,79,0.00014171494058246,0.0972191718242744
1026,34683,1585,52,Pinellas,Pinellas-34683,Palm Harbor,"Tarpon Springs, Dunedin, Palm Harbor",894,Pinellas-34683,"Palm Harbor, Winter Garden",1737,1737,0.00271930668714049,0.484473149392865
1027,34684,1586,52,Pinellas,Pinellas-34684,Palm Harbor,"Clearwater, Tarpon Springs, Dunedin, East Lake, Palm Harbor",895,Pinellas-34684,"Orlando, Palm Harbor",1637,1637,0.0017063200332359,0.20977172707839
1028,34685,1588,52,Pinellas,Pinellas-34685,Palm Harbor,"Oldsmar, East Lake, Keystone, Palm Harbor",896,Pinellas-34685,"Orlando, Palm Harbor",982,982,0.00304149004864485,0.318945703207332
1029,34688,1591,52,Pinellas,Pinellas-34688,Tarpon Springs,"Tarpon Springs, East Lake, Holiday, Keystone, Trinity",897,Pinellas-34688,"Palm Harbor, Tarpon Springs",506,506,0.00354775629830328,0.299723988459055
1030,34689,1593,52,Pinellas,Pinellas-34689,Tarpon Springs,"Tarpon Springs, East Lake, Holiday, Palm Harbor",898,Pinellas-34689,"Clearwater, Tarpon Springs",1793,1793,0.00330616464725608,0.409221418974106
1031,34690,1594,51,Pasco,Pasco-34690,Holiday,"Beacon Square, Elfers, Holiday",851,Pasco-34690,"Holiday, Tarpon Springs",750,750,0.000873120811547778,0.172759679583117
1032,34691,1596,51,Pasco,Pasco-34691,Holiday,"Beacon Square, Elfers, Holiday, Key Vista",852,Pasco-34691,"Holiday, Tarpon Springs",1182,1182,0.00220692565994796,0.495864027206711
1033,34695,1598,52,Pinellas,Pinellas-34695,Safety Harbor,"Tampa, Clearwater, Safety Harbor, Oldsmar",899,Pinellas-34695,Safety Harbor,1000,1000,0.00141191486250136,0.192250274009915
1034,34698,1599,52,Pinellas,Pinellas-34698,Dunedin,"Clearwater, Dunedin, Greenbriar, Palm Harbor",900,Pinellas-34698,Dunedin,2018,2018,0.00279309361576452,0.667493684314848
1035,34705,1600,35,Lake,Lake-34705,Astatula,Astatula,523,Lake-34705,Astatula,176,176,0.00557377222617106,0.374825307403722
1036,34711,1601,35,Lake,Lake-34711,Clermont,"Groveland, Minneola, Clermont",524,Lake-34711,"Clermont, Eatonville, Minneola, Orlando, Windermere, Winter Garden",4159,4159,0.0144557636422178,1.04358725309398
1037,34714,1602,35,Lake,Lake-34714,Clermont,"Four Corners, Horizon West",525,Lake-34714,"Clermont, Orlando, Windermere",1382,1382,0.025727207465934,1.00053371311189
1038,34715,1605,35,Lake,Lake-34715,Clermont,"Groveland, Minneola, Clermont, Montverde, Ferndale",526,Lake-34715,"Clermont, Minneola, Ocoee, Orlando",1306,1306,0.0101724402532,0.9331964822492
1039,34731,1607,35,Lake,Lake-34731,Fruitland Park,"Fruitland Park, Lady Lake, Leesburg, The Villages",527,Lake-34731,Fruitland Park,651,651,0.00517558128763085,0.438673079029921
1040,34734,1609,48,Orange,Orange-34734,Gotha,"Ocoee, Gotha, Lake Butler",747,Orange-34734,"Gotcha, Gotha",289,289,0.000593243661796805,0.133481075400823
1041,34736,1610,35,Lake,Lake-34736,Groveland,"Groveland, Mascotte, Wildwood, Clermont, Leesburg",528,Lake-34736,"Groveland, Ocoee, Orlando",1586,1586,0.0398897110744656,1.91923659007394
1042,34737,1613,35,Lake,Lake-34737,Howey In The Hills,"Groveland, Howey-in-the-Hills, Leesburg, Yalaha",529,Lake-34737,"Groveland, Howey-in-the-hills",176,176,0.00671765412494096,0.526215113999378
1043,34739,1615,31,Indian River,Indian River-34739,Kenansville,Kenansville,488,Indian River-34739,,0,0,0.00136283023630313,0.283493700934251
1044,34739,1617,49,Osceola,Osceola-34739,Kenansville,Kenansville,755,Osceola-34739,Kenansville,40,40,0.126718057185371,2.40379421390621
1045,34741,1620,49,Osceola,Osceola-34741,Kissimmee,"Kissimmee, Campbell, Hunters Creek",756,Osceola-34741,"Kissimmee, Maitland, Ocoee, Orlando",6306,6306,0.00399761649669017,0.314923829915971
1046,34743,1622,49,Osceola,Osceola-34743,Kissimmee,"Kissimmee, Buenaventura Lakes, Meadow Woods",757,Osceola-34743,"Buena Ventura Lakes, Kissimmee, Maitland, Orlando",4105,4105,0.00167487346584494,0.178956121713273
1047,34744,1624,49,Osceola,Osceola-34744,Kissimmee,"Kissimmee, St. Cloud, Buenaventura Lakes, Southchase",758,Osceola-34744,"Kindred, Kissimmee, Orlando, Winter Park",6853,6853,0.0109810457281583,0.59026359900112
1048,34746,1626,49,Osceola,Osceola-34746,Kissimmee,"Kissimmee, Campbell, Celebration, Hunters Creek",759,Osceola-34746,"Azalea Park, Kissimmee, Orlando",4801,4801,0.0155104269986168,0.806140915859638
1049,34747,1628,49,Osceola,Osceola-34747,Kissimmee,"Celebration, Four Corners, Loughman",760,Osceola-34747,"Celebration, Kissimmee, Maitland, Orlando, Reunion, Windermere, Winter Garden",2405,2405,0.00916018845964572,0.543845545231145
1050,34748,1630,35,Lake,Lake-34748,Leesburg,"Wildwood, Fruitland Park, Leesburg, Okahumpka, The Villages, Yalaha",530,Lake-34748,"Leesburg, Ocoee, Orlando",2771,2771,0.0142329774266727,1.09582108586237
1051,34753,1632,35,Lake,Lake-34753,Mascotte,"Groveland, Mascotte",531,Lake-34753,"Mascotte, Orlando",472,472,0.00088772969661477,0.228394879139699
1052,34756,1633,35,Lake,Lake-34756,Montverde,"Minneola, Clermont, Montverde, Ferndale",532,Lake-34756,"Bella Collina, Montverde, Ocoee",300,300,0.00236475020778926,0.216101222211284
1053,34758,1635,49,Osceola,Osceola-34758,Kissimmee,"Campbell, Poinciana",761,Osceola-34758,"Kissimmee, Maitland, Orlando, Poinciana",3522,3522,0.0085939880461865,0.471058982849343
1054,34759,1637,49,Osceola,Osceola-34759,Kissimmee,Poinciana,762,Osceola-34759,"Kissimmee, Orlando",24,24,0.00674494849840812,0.865738409542624
1055,34759,1638,53,Polk,Polk-34759,Kissimmee,Poinciana,938,Polk-34759,"Kissimmee, Orlando, Poinciana, Winter Park",2593,2593,0.0128412167759961,0.783268767435045
1056,34760,1639,48,Orange,Orange-34760,Oakland,"Oakland, Winter Garden",748,Orange-34760,Oakland,63,63,0.000145265508308512,0.0623668858253389
1057,34761,1640,48,Orange,Orange-34761,Ocoee,"Apopka, Winter Garden, Ocoee, Clarcona, Gotha, Lake Butler, Paradise Heights",749,Orange-34761,"Ocoee, Orlando, Windermere",3742,3742,0.00397323031984342,0.635225742378441
1058,34762,1641,35,Lake,Lake-34762,Okahumpka,"Wildwood, Leesburg, Okahumpka, Yalaha",533,Lake-34762,Okahumpka,46,46,0.00380397094318141,0.472123411050547
1059,34769,1643,49,Osceola,Osceola-34769,Saint Cloud,St. Cloud,763,Osceola-34769,"Orlando, Saint Cloud",2226,2226,0.0024155771675396,0.327112772891185
1060,34771,1645,49,Osceola,Osceola-34771,Saint Cloud,St. Cloud,764,Osceola-34771,"Magnolia Square, Orlando, Saint Cloud",1739,1739,0.0422655745467182,1.70617064185502
1061,34772,1646,49,Osceola,Osceola-34772,Saint Cloud,St. Cloud,765,Osceola-34772,"Orlando, Saint Cloud",2796,2796,0.0321087480069764,1.01060833637828
1062,34773,1650,49,Osceola,Osceola-34773,Saint Cloud,Saint Cloud,766,Osceola-34773,"Harmony, Saint Cloud",233,233,0.0863186288959241,2.27497935654936
1063,34785,1652,60,Sumter,Sumter-34785,Wildwood,"Wildwood, Coleman, The Villages",1047,Sumter-34785,Wildwood,925,925,0.0206009699857077,1.10074110873703
1064,34786,1653,48,Orange,Orange-34786,Windermere,"Bay Lake, Windermere, Winter Garden, Ocoee, Bay Hill, Gotha, Horizon West, Lake Butler",750,Orange-34786,"Orlando, Winderemere, Windermere, Winter Garden",3224,3224,0.00646778473219456,0.503567742749514
1065,34787,1654,35,Lake,Lake-34787,Winter Garden,"Clermont, Four Corners, Horizon West",534,Lake-34787,"Orlando, Winter Garden",14,14,0.00263374628184465,0.626137653885767
1066,34787,1655,48,Orange,Orange-34787,Winter Garden,"Bay Lake, Oakland, Winter Garden, Ocoee, Four Corners, Horizon West, Lake Butler, Tildenville",751,Orange-34787,"Oakland, Ocoee, Orlando, Winder Garden, Winter Garden",5695,5695,0.0185153985048601,0.978417928132971
1067,34788,1657,35,Lake,Lake-34788,Leesburg,"Tavares, Leesburg, Lisbon, Silver Lake",535,Lake-34788,"Haines Creek, Leesburg",912,912,0.0124088684726757,0.611920753451257
1068,34797,1659,35,Lake,Lake-34797,Yalaha,"Leesburg, Yalaha",536,Lake-34797,"Howey-in-the-hills, Yalaha",67,67,0.00298266958384374,0.287516743300098
1069,34945,1662,56,St. Lucie,St. Lucie-34945,Fort Pierce,"Fort Pierce, Port St. Lucie",1020,St. Lucie-34945,"Fort Pierce, Port Saint Lucie",408,408,0.0503260235734615,1.00381574408051
1070,34946,1664,56,St. Lucie,St. Lucie-34946,Fort Pierce,"Fort Pierce, St. Lucie Village, Florida Ridge, Fort Pierce North, Lakewood Park",1021,St. Lucie-34946,"Fort Pierce, Saint Lucie Village",456,456,0.0036530592519739,0.36961980909731
1071,34947,1665,56,St. Lucie,St. Lucie-34947,Fort Pierce,"Fort Pierce, Fort Pierce North, Fort Pierce South",1022,St. Lucie-34947,"Fort Pierce, Orlando",1091,1091,0.00229718522405165,0.243777123233006
1072,34949,1667,56,St. Lucie,St. Lucie-34949,Fort Pierce,"Fort Pierce, Hutchinson Island South, South Beach",1023,St. Lucie-34949,"Fort Pierce, Hutchinson Island",368,368,0.002277470654235,1.00661440423706
1073,34950,1668,56,St. Lucie,St. Lucie-34950,Fort Pierce,"Fort Pierce, Fort Pierce North",1024,St. Lucie-34950,Fort Pierce,1507,1507,0.00123267216963541,0.187105971764699
1074,34951,1670,56,St. Lucie,St. Lucie-34951,Fort Pierce,"Florida Ridge, Lakewood Park",1025,St. Lucie-34951,Fort Pierce,788,788,0.00577177993523037,0.378501726075658
1075,34952,1672,56,St. Lucie,St. Lucie-34952,Port Saint Lucie,"Port St. Lucie, Indian River Estates, River Park, White City",1026,St. Lucie-34952,"Fort Pierce, Lucedale, Orlando, Port Saint Lucie",2773,2773,0.00615001844789731,0.474854343267196
1076,34953,1674,56,St. Lucie,St. Lucie-34953,Port Saint Lucie,Port St. Lucie,1027,St. Lucie-34953,"Fort Pierce, Port Saint Lucie, Port St. Lucie, Saint Lucie West",4949,4949,0.00701283470129965,0.383128129353754
1077,34956,1675,43,Martin,Martin-34956,Indiantown,"Port St. Lucie, Indiantown",665,Martin-34956,Indiantown,1207,1207,0.055732885680527,1.50621832656123
1078,34957,1678,43,Martin,Martin-34957,Jensen Beach,"Port St. Lucie, Stuart, Ocean Breeze Park, Jensen Beach, North River Shores, Rio",666,Martin-34957,"Jensen Beach, Ocean Breeze",972,972,0.0025965110830839,0.350921163400725
1079,34957,1679,56,St. Lucie,St. Lucie-34957,Jensen Beach,"Port St. Lucie, Hutchinson Island South, Jensen Beach, North River Shores",1028,St. Lucie-34957,Jensen Beach,18,18,0.00141749307954342,0.496343520827545
1080,34972,1683,47,Okeechobee,Okeechobee-34972,Okeechobee,"Okeechobee, Cypress Quarters",703,Okeechobee-34972,"Basinger, Okeechobee, Yeehaw",1897,1897,0.163426590663903,2.23318072309936
1081,34972,1684,49,Osceola,Osceola-34972,Okeechobee,Yeehaw Junction,767,Osceola-34972,Okeechobee,<5,-2,0.00695399469645963,0.56445038123832
1082,34972,1685,56,St. Lucie,St. Lucie-34972,Okeechobee,Okeechobee,1029,St. Lucie-34972,"Okeechobee, Port Saint Lucie",<5,-2,0.00743584156180077,0.82235840966849
1083,34974,1686,22,Glades,Glades-34974,Okeechobee,Buckhead Ridge,384,Glades-34974,Okeechobee,<5,-2,0.0890877555925726,2.50383793244456
1084,34974,1688,28,Highlands,Highlands-34974,Okeechobee,Okeechobee,419,Highlands-34974,Okeechobee,<5,-2,0.00352704967440332,0.463798430553075
1085,34974,1689,43,Martin,Martin-34974,Okeechobee,Okeechobee,667,Martin-34974,Okeechobee,5,5,0.0336346794153997,1.21816034436555
1086,34974,1690,47,Okeechobee,Okeechobee-34974,Okeechobee,"Okeechobee, Buckhead Ridge, Cypress Quarters, Taylor Creek",704,Okeechobee-34974,Okeechobee,1514,1514,0.0472703966647714,1.2130008408332
1087,34974,1691,50,Palm Beach,Palm Beach-34974,Okeechobee,Okeechobee,822,Palm Beach-34974,,0,0,0.0540403675854577,1.3929297291561
1088,34981,1693,56,St. Lucie,St. Lucie-34981,Fort Pierce,"Fort Pierce, Port St. Lucie, Fort Pierce South, White City",1030,St. Lucie-34981,Fort Pierce,334,334,0.00243692546132479,0.234255633946928
1089,34982,1694,56,St. Lucie,St. Lucie-34982,Fort Pierce,"Fort Pierce, Port St. Lucie, Fort Pierce South, Indian River Estates, White City",1031,St. Lucie-34982,Fort Pierce,1896,1896,0.00420046845579236,0.407829136905748
1090,34983,1695,56,St. Lucie,St. Lucie-34983,Port Saint Lucie,"Port St. Lucie, River Park, White City",1032,St. Lucie-34983,"Fort Pierce, Port Saint Lucie, Saint Lucie West",3008,3008,0.00358614678202684,0.346602406024867
1091,34984,1697,56,St. Lucie,St. Lucie-34984,Port Saint Lucie,Port St. Lucie,1033,St. Lucie-34984,"Fort Pierce, Port Saint Lucie",1013,1013,0.00228466803127958,0.329791168619017
1092,34986,1698,56,St. Lucie,St. Lucie-34986,Port Saint Lucie,Port St. Lucie,1034,St. Lucie-34986,"Fort Pierce, Port Saint Lucie, Saint Lucie West",1702,1702,0.0043888772952414,0.282047158642696
1093,34987,1700,56,St. Lucie,St. Lucie-34987,Port Saint Lucie,Port St. Lucie,1035,St. Lucie-34987,"Fort Pierce, Port Saint Lucie, Port St. Lucie",845,845,0.0224406305346747,0.827949316659516
1094,34988,1702,56,St. Lucie,St. Lucie-34988,Port Saint Lucie,Port St. Lucie,1036,St. Lucie-34988,Port Saint Lucie,7,7,0.0088187249789371,0.603034966431866
1095,34990,1703,43,Martin,Martin-34990,Palm City,"Port St. Lucie, Stuart, Palm City",668,Martin-34990,"Palm City, University Of Central Fl",1773,1773,0.0224772898445735,0.676982741697059
1096,34990,1704,56,St. Lucie,St. Lucie-34990,Palm City,"Port St. Lucie, Palm City",1037,St. Lucie-34990,Palm City,7,7,0.000726251057812988,0.35310542153561
1097,34994,1705,43,Martin,Martin-34994,Stuart,"Stuart, Jensen Beach, North River Shores, Palm City, Rio",669,Martin-34994,Stuart,1451,1451,0.00200292106478628,0.306352604394803
1098,34996,1707,43,Martin,Martin-34996,Stuart,"Stuart, Sewall's Point, Jensen Beach, Rio",670,Martin-34996,"Sewalls Point, Stuart",567,567,0.00253170336918629,0.591972010484911
1099,34997,1708,43,Martin,Martin-34997,Stuart,"Stuart, Palm City, Port Salerno",671,Martin-34997,"Stuart, University Of Central Fl",2779,2779,0.0116005123809373,0.805648314197411
1100,00043,9991,9991,Dade,Dade-00043,NONE,Federal Land,,,,0,0,0.131880660447905,3.39006551008922
1101,32323,1152,19,Franklin,Franklin-32323,Lanark Village,Lanark Village,364,Franklin-32323,Lanark Village,<5,-2,2.20118351990095E-05,0.0305518088672366
1102,32815,725,64,Volusia,Volusia-32815,,,1095,Volusia-32815,,0,0,0.000639516188357447,0.390858799527084
